#y=A*x+B
#A=2.5
#B=4
0.1  3.87872  0.28175
0.462469  4.68011  0.317429
0.64634  4.92355  0.353107
0.788437  5.09133  0.388786
0.908576  6.36921  0.424464
1.01459  6.62741  0.460143
1.11052  8.05325  0.495821
1.19881  7.70591  0.5315
1.28102  7.85262  0.567179
1.35827  8.48842  0.602857
1.43135  9.71841  0.638536
1.50088  9.85648  0.674214
1.56733  10.2651  0.709893
1.63108  11.5484  0.745571
1.69242  10.0476  0.78125
1.75162  10.4904  0.816929
1.80888  11.6748  0.852607
1.86438  13.36  0.888286
1.91828  14.287  0.923964
1.9707  14.0941  0.959643
2.02177  15.5784  0.995321
2.07158  15.131  1.031
2.12021  13.8545  1.06668
2.16776  16.3486  1.10236
2.21429  15.4485  1.13804
2.25985  16.8641  1.17371
2.30452  17.6404  1.20939
2.34834  18.3582  1.24507
2.39135  18.1199  1.28075
2.43361  18.2405  1.31643
2.47514  20.217  1.35211
2.51599  20.2089  1.38779
2.55618  19.4083  1.42346
2.59576  21.9993  1.45914
2.63474  21.0284  1.49482
2.67315  21.6868  1.5305
2.71101  22.9705  1.56618
2.74836  23.8711  1.60186
2.7852  22.639  1.63754
2.82156  25.6309  1.67321
2.85746  21.709  1.70889
2.89292  23.6909  1.74457
2.92794  25.2281  1.78025
2.96256  23.9103  1.81593
2.99677  22.8077  1.85161
3.03059  25.6047  1.88729
3.06404  29.8181  1.92296
3.09713  29.5659  1.95864
3.12988  29.7778  1.99432
3.16228  30.2346  2.03
