#y=A*x+B
#A=2.5
#B=4
0.1  1.96945  0.0715302
0.462469  2.16336  0.0733648
0.64634  2.21891  0.0795678
0.788437  2.2564  0.0861519
0.908576  2.52373  0.0840946
1.01459  2.57438  0.0893698
1.11052  2.83782  0.0873594
1.19881  2.77595  0.0957329
1.28102  2.80225  0.1012
1.35827  2.91349  0.10346
1.43135  3.11744  0.102414
1.50088  3.1395  0.107376
1.56733  3.20392  0.110785
1.63108  3.3983  0.109698
1.69242  3.1698  0.123233
1.75162  3.23889  0.126113
1.80888  3.41684  0.124765
1.86438  3.65513  0.121512
1.91828  3.77981  0.122224
1.9707  3.75422  0.127809
2.02177  3.94695  0.126087
2.07158  3.88985  0.132524
2.12021  3.72217  0.143287
2.16776  4.04334  0.136318
2.21429  3.93046  0.144771
2.25985  4.10659  0.142906
2.30452  4.20004  0.143974
2.34834  4.28465  0.145295
2.39135  4.25674  0.150438
2.43361  4.27089  0.154116
2.47514  4.49633  0.150357
2.51599  4.49543  0.154355
2.55618  4.40548  0.161556
2.59576  4.69034  0.155548
2.63474  4.58567  0.162988
2.67315  4.6569  0.164326
2.71101  4.79276  0.16339
2.74836  4.88581  0.16393
2.7852  4.75805  0.172081
2.82156  5.0627  0.165249
2.85746  4.65929  0.183386
2.89292  4.86733  0.179212
2.92794  5.02276  0.177218
2.96256  4.88982  0.185685
2.99677  4.77574  0.193856
3.03059  5.06011  0.186487
3.06404  5.4606  0.176076
3.09713  5.43745  0.180107
3.12988  5.4569  0.182734
3.16228  5.4986  0.184592
