 LOQ Tue 20-FEB-2001 13:46 SAMPLE: 83404     EMPTY CAN: 83387 used /FLAT                                                        
 Wav  2.20 >  10.00 Phi  -90.0 >    90.0 Rad  53.0 >  750.0  Scaled* 1.015
  121    0    0    0    1  121    0
         0         0         0         0
 3 (F12.5,2E16.6)
     0.00900    3.843649E+01    8.087308E-01
     0.01100    2.867185E+01    3.365682E-01
     0.01300    2.212955E+01    1.986344E-01
     0.01500    1.847433E+01    1.506148E-01
     0.01700    1.599559E+01    1.189224E-01
     0.01900    1.434334E+01    9.882045E-02
     0.02100    1.331858E+01    8.641777E-02
     0.02300    1.239631E+01    7.700504E-02
     0.02500    1.175125E+01    6.990851E-02
     0.02700    1.122578E+01    6.410060E-02
     0.02900    1.090128E+01    6.027435E-02
     0.03100    1.071089E+01    5.718787E-02
     0.03300    1.054501E+01    5.458181E-02
     0.03500    1.031509E+01    5.218545E-02
     0.03700    1.012093E+01    5.020808E-02
     0.03900    1.001343E+01    4.908293E-02
     0.04100    9.811930E+00    4.728255E-02
     0.04300    9.600204E+00    4.604504E-02
     0.04500    9.213490E+00    4.410876E-02
     0.04700    8.805013E+00    4.265179E-02
     0.04900    8.392297E+00    4.095110E-02
     0.05100    7.808612E+00    3.887616E-02
     0.05300    7.203775E+00    3.687661E-02
     0.05500    6.604341E+00    3.499538E-02
     0.05700    5.979821E+00    3.293511E-02
     0.05900    5.435252E+00    3.114039E-02
     0.06100    4.948283E+00    2.951879E-02
     0.06300    4.447479E+00    2.789630E-02
     0.06500    3.972269E+00    2.628542E-02
     0.06700    3.561725E+00    2.484896E-02
     0.06900    3.178524E+00    2.354596E-02
     0.07100    2.883871E+00    2.248037E-02
     0.07300    2.538780E+00    2.116975E-02
     0.07500    2.307836E+00    2.028057E-02
     0.07700    2.086066E+00    1.936948E-02
     0.07900    1.893079E+00    1.845602E-02
     0.08100    1.709879E+00    1.761473E-02
     0.08300    1.573968E+00    1.688253E-02
     0.08500    1.448812E+00    1.627724E-02
     0.08700    1.337052E+00    1.571220E-02
     0.08900    1.234175E+00    1.523847E-02
     0.09100    1.147411E+00    1.478202E-02
     0.09300    1.078658E+00    1.448271E-02
     0.09500    1.016088E+00    1.417675E-02
     0.09700    9.517106E-01    1.389574E-02
     0.09900    9.064828E-01    1.364543E-02
     0.10100    8.728865E-01    1.360300E-02
     0.10300    8.373222E-01    1.339537E-02
     0.10500    8.127699E-01    1.335065E-02
     0.10700    7.833365E-01    1.318256E-02
     0.10900    7.604086E-01    1.319231E-02
     0.11100    7.387397E-01    1.308742E-02
     0.11300    7.264687E-01    1.319225E-02
     0.11500    7.043348E-01    1.308625E-02
     0.11700    6.860744E-01    1.316774E-02
     0.11900    6.667206E-01    1.309013E-02
     0.12100    6.571614E-01    1.322768E-02
     0.12300    6.468514E-01    1.325148E-02
     0.12500    6.338016E-01    1.343776E-02
     0.12700    6.226297E-01    1.343101E-02
     0.12900    6.111307E-01    1.353824E-02
     0.13100    6.007149E-01    1.356044E-02
     0.13300    5.908146E-01    1.374031E-02
     0.13500    5.816100E-01    1.375479E-02
     0.13700    5.712905E-01    1.389837E-02
     0.13900    5.606157E-01    1.396986E-02
     0.14100    5.554941E-01    1.413084E-02
     0.14300    5.520395E-01    1.430527E-02
     0.14500    5.474497E-01    1.454009E-02
     0.14700    5.417188E-01    1.471308E-02
     0.14900    5.386465E-01    1.489335E-02
     0.15100    5.367234E-01    1.514363E-02
     0.15300    5.317964E-01    1.540044E-02
     0.15500    5.253863E-01    1.557563E-02
     0.15700    5.212227E-01    1.585635E-02
     0.15900    5.122284E-01    1.611136E-02
     0.16100    5.146698E-01    1.653369E-02
     0.16300    5.119227E-01    1.678723E-02
     0.16500    5.061961E-01    1.709799E-02
     0.16700    4.953216E-01    1.733906E-02
     0.16900    4.861560E-01    1.760831E-02
     0.17100    4.810029E-01    1.795200E-02
     0.17300    4.651535E-01    1.828787E-02
     0.17500    4.648204E-01    1.887055E-02
     0.17700    4.643440E-01    1.932427E-02
     0.17900    4.592606E-01    1.982121E-02
     0.18100    4.576449E-01    2.046693E-02
     0.18300    4.608351E-01    2.132230E-02
     0.18500    4.543957E-01    2.161040E-02
     0.18700    4.465804E-01    2.245052E-02
     0.18900    4.429304E-01    2.307355E-02
     0.19100    4.401738E-01    2.402340E-02
     0.19300    4.366580E-01    2.470592E-02
     0.19500    4.345484E-01    2.591489E-02
     0.19700    4.343571E-01    2.655388E-02
     0.19900    4.393595E-01    2.829826E-02
     0.20100    4.372778E-01    2.857391E-02
     0.20300    4.424060E-01    3.060648E-02
     0.20500    4.407774E-01    3.097997E-02
     0.20700    4.495018E-01    3.336182E-02
     0.20900    4.444065E-01    3.393485E-02
     0.21100    4.457449E-01    3.609136E-02
     0.21300    4.319277E-01    3.660880E-02
     0.21500    4.284520E-01    3.916654E-02
     0.21700    4.205298E-01    3.978330E-02
     0.21900    4.175169E-01    4.295599E-02
     0.22100    4.073066E-01    4.315593E-02
     0.22300    4.164211E-01    4.736676E-02
     0.22500    4.276790E-01    4.889089E-02
     0.22700    4.260925E-01    5.252206E-02
     0.22900    4.273173E-01    5.398111E-02
     0.23100    4.235462E-01    5.954308E-02
     0.23300    4.254677E-01    6.036064E-02
     0.23500    4.488297E-01    6.905782E-02
     0.23700    4.495701E-01    6.960067E-02
     0.23900    4.434891E-01    7.741092E-02
     0.24100    4.402395E-01    8.021192E-02
     0.24300    4.258136E-01    8.618391E-02
     0.24500    4.069935E-01    9.240500E-02
     0.24700    3.522875E-01    9.511995E-02
     0.24900    3.373845E-01    1.015602E-01
