# X-ray-like data generated for model core_shell_sphere with parameters:
# radius = 165
# thickness = 40
# sld_core = 4
# sld_shell = 4
# sld_solvent = 6
# scale = 0.01
# background = 0.001
#    Q             counts           error          sigmaQ
1.000000e-03    1.431077e+02    1.431165e-02    1.007602e-04
1.006707e-03    1.430996e+02    1.431124e-02    1.007633e-04
1.013458e-03    1.430997e+02    1.431124e-02    1.007665e-04
1.020255e-03    1.430802e+02    1.431027e-02    1.007696e-04
1.027097e-03    1.430737e+02    1.430994e-02    1.007728e-04
1.033986e-03    1.430343e+02    1.430798e-02    1.007761e-04
1.040920e-03    1.430207e+02    1.430729e-02    1.007794e-04
1.047901e-03    1.429979e+02    1.430616e-02    1.007827e-04
1.054929e-03    1.429942e+02    1.430597e-02    1.007861e-04
1.062004e-03    1.429742e+02    1.430497e-02    1.007895e-04
1.069126e-03    1.429585e+02    1.430418e-02    1.007930e-04
1.076297e-03    1.429209e+02    1.430230e-02    1.007965e-04
1.083515e-03    1.428951e+02    1.430101e-02    1.008001e-04
1.090781e-03    1.428839e+02    1.430045e-02    1.008037e-04
1.098097e-03    1.428912e+02    1.430082e-02    1.008074e-04
1.105461e-03    1.428395e+02    1.429823e-02    1.008111e-04
1.112875e-03    1.428516e+02    1.429883e-02    1.008149e-04
1.120339e-03    1.428332e+02    1.429791e-02    1.008187e-04
1.127852e-03    1.427922e+02    1.429586e-02    1.008225e-04
1.135416e-03    1.427662e+02    1.429456e-02    1.008265e-04
1.143031e-03    1.427807e+02    1.429528e-02    1.008304e-04
1.150697e-03    1.427359e+02    1.429304e-02    1.008344e-04
1.158414e-03    1.427341e+02    1.429295e-02    1.008385e-04
1.166183e-03    1.426754e+02    1.429001e-02    1.008427e-04
1.174004e-03    1.426765e+02    1.429007e-02    1.008468e-04
1.181878e-03    1.426349e+02    1.428799e-02    1.008511e-04
1.189804e-03    1.426466e+02    1.428857e-02    1.008554e-04
1.197784e-03    1.425929e+02    1.428588e-02    1.008598e-04
1.205817e-03    1.425920e+02    1.428583e-02    1.008642e-04
1.213904e-03    1.425495e+02    1.428371e-02    1.008687e-04
1.222045e-03    1.425178e+02    1.428212e-02    1.008732e-04
1.230240e-03    1.424978e+02    1.428111e-02    1.008778e-04
1.238491e-03    1.424868e+02    1.428057e-02    1.008824e-04
1.246797e-03    1.424568e+02    1.427906e-02    1.008872e-04
1.255159e-03    1.424155e+02    1.427700e-02    1.008919e-04
1.263577e-03    1.424120e+02    1.427682e-02    1.008968e-04
1.272051e-03    1.423809e+02    1.427526e-02    1.009017e-04
1.280582e-03    1.423837e+02    1.427540e-02    1.009067e-04
1.289170e-03    1.423429e+02    1.427335e-02    1.009117e-04
1.297816e-03    1.423116e+02    1.427178e-02    1.009169e-04
1.306520e-03    1.422655e+02    1.426947e-02    1.009220e-04
1.315282e-03    1.422430e+02    1.426834e-02    1.009273e-04
1.324103e-03    1.422061e+02    1.426649e-02    1.009326e-04
1.332984e-03    1.421931e+02    1.426584e-02    1.009380e-04
1.341923e-03    1.421532e+02    1.426384e-02    1.009435e-04
1.350923e-03    1.421103e+02    1.426169e-02    1.009490e-04
1.359983e-03    1.421363e+02    1.426299e-02    1.009546e-04
1.369104e-03    1.420776e+02    1.426005e-02    1.009603e-04
1.378286e-03    1.420405e+02    1.425818e-02    1.009661e-04
1.387530e-03    1.420031e+02    1.425630e-02    1.009719e-04
1.396835e-03    1.419856e+02    1.425543e-02    1.009778e-04
1.406203e-03    1.419530e+02    1.425379e-02    1.009839e-04
1.415634e-03    1.419336e+02    1.425282e-02    1.009899e-04
1.425128e-03    1.418851e+02    1.425038e-02    1.009961e-04
1.434686e-03    1.418953e+02    1.425089e-02    1.010023e-04
1.444307e-03    1.418289e+02    1.424756e-02    1.010087e-04
1.453994e-03    1.417676e+02    1.424448e-02    1.010151e-04
1.463745e-03    1.417563e+02    1.424391e-02    1.010216e-04
1.473562e-03    1.417196e+02    1.424207e-02    1.010282e-04
1.483444e-03    1.416906e+02    1.424061e-02    1.010348e-04
1.493393e-03    1.416452e+02    1.423833e-02    1.010416e-04
1.503409e-03    1.416169e+02    1.423690e-02    1.010485e-04
1.513491e-03    1.415556e+02    1.423383e-02    1.010554e-04
1.523642e-03    1.415258e+02    1.423233e-02    1.010624e-04
1.533860e-03    1.415058e+02    1.423132e-02    1.010696e-04
1.544147e-03    1.414761e+02    1.422983e-02    1.010768e-04
1.554503e-03    1.414399e+02    1.422801e-02    1.010841e-04
1.564928e-03    1.413921e+02    1.422560e-02    1.010916e-04
1.575424e-03    1.413634e+02    1.422416e-02    1.010991e-04
1.585989e-03    1.412942e+02    1.422068e-02    1.011067e-04
1.596626e-03    1.412964e+02    1.422079e-02    1.011144e-04
1.607334e-03    1.412313e+02    1.421751e-02    1.011223e-04
1.618114e-03    1.411898e+02    1.421542e-02    1.011302e-04
1.628966e-03    1.411510e+02    1.421347e-02    1.011382e-04
1.639890e-03    1.411072e+02    1.421126e-02    1.011464e-04
1.650888e-03    1.410519e+02    1.420848e-02    1.011546e-04
1.661960e-03    1.410346e+02    1.420761e-02    1.011630e-04
1.673106e-03    1.409760e+02    1.420465e-02    1.011715e-04
1.684327e-03    1.409230e+02    1.420198e-02    1.011801e-04
1.695623e-03    1.408764e+02    1.419964e-02    1.011888e-04
1.706995e-03    1.408385e+02    1.419773e-02    1.011976e-04
1.718443e-03    1.407704e+02    1.419429e-02    1.012066e-04
1.729968e-03    1.407420e+02    1.419286e-02    1.012156e-04
1.741570e-03    1.407033e+02    1.419091e-02    1.012248e-04
1.753250e-03    1.406547e+02    1.418846e-02    1.012341e-04
1.765008e-03    1.405785e+02    1.418461e-02    1.012435e-04
1.776845e-03    1.405421e+02    1.418278e-02    1.012531e-04
1.788762e-03    1.405238e+02    1.418186e-02    1.012628e-04
1.800758e-03    1.404367e+02    1.417746e-02    1.012726e-04
1.812835e-03    1.404174e+02    1.417648e-02    1.012825e-04
1.824993e-03    1.403215e+02    1.417164e-02    1.012926e-04
1.837233e-03    1.403010e+02    1.417061e-02    1.013028e-04
1.849554e-03    1.402134e+02    1.416618e-02    1.013132e-04
1.861958e-03    1.401573e+02    1.416335e-02    1.013236e-04
1.874446e-03    1.401185e+02    1.416139e-02    1.013343e-04
1.887017e-03    1.400922e+02    1.416006e-02    1.013450e-04
1.899672e-03    1.400242e+02    1.415662e-02    1.013560e-04
1.912413e-03    1.399548e+02    1.415311e-02    1.013670e-04
1.925238e-03    1.398667e+02    1.414866e-02    1.013782e-04
1.938150e-03    1.398301e+02    1.414681e-02    1.013896e-04
1.951148e-03    1.397789e+02    1.414421e-02    1.014011e-04
1.964234e-03    1.397151e+02    1.414099e-02    1.014127e-04
1.977407e-03    1.396505e+02    1.413772e-02    1.014245e-04
1.990669e-03    1.396099e+02    1.413566e-02    1.014365e-04
2.004019e-03    1.395165e+02    1.413094e-02    1.014487e-04
2.017459e-03    1.394676e+02    1.412846e-02    1.014610e-04
2.030990e-03    1.393947e+02    1.412477e-02    1.014734e-04
2.044611e-03    1.392961e+02    1.411977e-02    1.014860e-04
2.058323e-03    1.392761e+02    1.411876e-02    1.014988e-04
2.072127e-03    1.392098e+02    1.411539e-02    1.015118e-04
2.086024e-03    1.391260e+02    1.411115e-02    1.015249e-04
2.100014e-03    1.390839e+02    1.410901e-02    1.015382e-04
2.114098e-03    1.389912e+02    1.410431e-02    1.015517e-04
2.128276e-03    1.389427e+02    1.410184e-02    1.015654e-04
2.142550e-03    1.388515e+02    1.409722e-02    1.015792e-04
2.156919e-03    1.387982e+02    1.409451e-02    1.015933e-04
2.171385e-03    1.387131e+02    1.409019e-02    1.016075e-04
2.185947e-03    1.386358e+02    1.408626e-02    1.016219e-04
2.200607e-03    1.385405e+02    1.408142e-02    1.016365e-04
2.215366e-03    1.384895e+02    1.407883e-02    1.016513e-04
2.230223e-03    1.384245e+02    1.407552e-02    1.016663e-04
2.245180e-03    1.383273e+02    1.407058e-02    1.016815e-04
2.260238e-03    1.382370e+02    1.406599e-02    1.016969e-04
2.275396e-03    1.381908e+02    1.406364e-02    1.017125e-04
2.290656e-03    1.380993e+02    1.405898e-02    1.017283e-04
2.306019e-03    1.380396e+02    1.405594e-02    1.017443e-04
2.321484e-03    1.379107e+02    1.404938e-02    1.017605e-04
2.337054e-03    1.378180e+02    1.404465e-02    1.017770e-04
2.352727e-03    1.377391e+02    1.404063e-02    1.017936e-04
2.368506e-03    1.376721e+02    1.403722e-02    1.018105e-04
2.384390e-03    1.375891e+02    1.403299e-02    1.018276e-04
2.400382e-03    1.374818e+02    1.402751e-02    1.018450e-04
2.416480e-03    1.373725e+02    1.402194e-02    1.018625e-04
2.432686e-03    1.372974e+02    1.401810e-02    1.018803e-04
2.449001e-03    1.372204e+02    1.401417e-02    1.018984e-04
2.465426e-03    1.371206e+02    1.400908e-02    1.019167e-04
2.481960e-03    1.370133e+02    1.400359e-02    1.019352e-04
2.498606e-03    1.369280e+02    1.399923e-02    1.019540e-04
2.515363e-03    1.368272e+02    1.399408e-02    1.019730e-04
2.532232e-03    1.367229e+02    1.398874e-02    1.019922e-04
2.549215e-03    1.366601e+02    1.398553e-02    1.020118e-04
2.566311e-03    1.365370e+02    1.397923e-02    1.020315e-04
2.583522e-03    1.364371e+02    1.397412e-02    1.020516e-04
2.600849e-03    1.363320e+02    1.396873e-02    1.020719e-04
2.618292e-03    1.362092e+02    1.396244e-02    1.020925e-04
2.635851e-03    1.361239e+02    1.395807e-02    1.021133e-04
2.653529e-03    1.360027e+02    1.395185e-02    1.021345e-04
2.671325e-03    1.359062e+02    1.394690e-02    1.021559e-04
2.689240e-03    1.357665e+02    1.393973e-02    1.021776e-04
2.707276e-03    1.356809e+02    1.393534e-02    1.021995e-04
2.725433e-03    1.355664e+02    1.392945e-02    1.022218e-04
2.743711e-03    1.354490e+02    1.392342e-02    1.022444e-04
2.762112e-03    1.353173e+02    1.391665e-02    1.022672e-04
2.780636e-03    1.352043e+02    1.391084e-02    1.022904e-04
2.799285e-03    1.351051e+02    1.390574e-02    1.023139e-04
2.818058e-03    1.349733e+02    1.389895e-02    1.023376e-04
2.836958e-03    1.348777e+02    1.389403e-02    1.023617e-04
2.855984e-03    1.347296e+02    1.388640e-02    1.023862e-04
2.875138e-03    1.345886e+02    1.387913e-02    1.024109e-04
2.894420e-03    1.344754e+02    1.387329e-02    1.024360e-04
2.913832e-03    1.343458e+02    1.386661e-02    1.024614e-04
2.933374e-03    1.342128e+02    1.385974e-02    1.024871e-04
2.953046e-03    1.341096e+02    1.385441e-02    1.025132e-04
2.972851e-03    1.339383e+02    1.384556e-02    1.025396e-04
2.992789e-03    1.338241e+02    1.383965e-02    1.025663e-04
3.012860e-03    1.336683e+02    1.383160e-02    1.025935e-04
3.033066e-03    1.335368e+02    1.382479e-02    1.026209e-04
3.053408e-03    1.334124e+02    1.381835e-02    1.026488e-04
3.073886e-03    1.332195e+02    1.380835e-02    1.026770e-04
3.094501e-03    1.331012e+02    1.380222e-02    1.027056e-04
3.115254e-03    1.329579e+02    1.379479e-02    1.027345e-04
3.136147e-03    1.328293e+02    1.378812e-02    1.027638e-04
3.157180e-03    1.326484e+02    1.377873e-02    1.027936e-04
3.178354e-03    1.325162e+02    1.377186e-02    1.028237e-04
3.199669e-03    1.323563e+02    1.376355e-02    1.028542e-04
3.221128e-03    1.322081e+02    1.375584e-02    1.028851e-04
3.242731e-03    1.320477e+02    1.374749e-02    1.029164e-04
3.264479e-03    1.318967e+02    1.373963e-02    1.029481e-04
3.286372e-03    1.317675e+02    1.373290e-02    1.029803e-04
3.308412e-03    1.315455e+02    1.372133e-02    1.030128e-04
3.330600e-03    1.314021e+02    1.371384e-02    1.030458e-04
3.352937e-03    1.312327e+02    1.370500e-02    1.030793e-04
3.375424e-03    1.310644e+02    1.369621e-02    1.031131e-04
3.398061e-03    1.309249e+02    1.368892e-02    1.031474e-04
3.420851e-03    1.307043e+02    1.367738e-02    1.031822e-04
3.443793e-03    1.305669e+02    1.367019e-02    1.032174e-04
3.466889e-03    1.303768e+02    1.366024e-02    1.032531e-04
3.490140e-03    1.302123e+02    1.365162e-02    1.032892e-04
3.513547e-03    1.300049e+02    1.364074e-02    1.033259e-04
3.537111e-03    1.298240e+02    1.363125e-02    1.033630e-04
3.560833e-03    1.296430e+02    1.362174e-02    1.034005e-04
3.584714e-03    1.294113e+02    1.360956e-02    1.034386e-04
3.608755e-03    1.292657e+02    1.360191e-02    1.034772e-04
3.632957e-03    1.290645e+02    1.359131e-02    1.035163e-04
3.657322e-03    1.288725e+02    1.358121e-02    1.035559e-04
3.681850e-03    1.286842e+02    1.357128e-02    1.035960e-04
3.706542e-03    1.284390e+02    1.355834e-02    1.036366e-04
3.731401e-03    1.282542e+02    1.354859e-02    1.036778e-04
3.756425e-03    1.280735e+02    1.353904e-02    1.037195e-04
3.781618e-03    1.278626e+02    1.352788e-02    1.037617e-04
3.806980e-03    1.276415e+02    1.351618e-02    1.038045e-04
3.832512e-03    1.274266e+02    1.350480e-02    1.038478e-04
3.858215e-03    1.271997e+02    1.349277e-02    1.038918e-04
3.884090e-03    1.270133e+02    1.348288e-02    1.039362e-04
3.910139e-03    1.268057e+02    1.347186e-02    1.039813e-04
3.936363e-03    1.265343e+02    1.345743e-02    1.040270e-04
3.962762e-03    1.263343e+02    1.344679e-02    1.040732e-04
3.989339e-03    1.260961e+02    1.343411e-02    1.041201e-04
4.016093e-03    1.258753e+02    1.342234e-02    1.041675e-04
4.043028e-03    1.256365e+02    1.340961e-02    1.042156e-04
4.070142e-03    1.253944e+02    1.339668e-02    1.042643e-04
4.097439e-03    1.251694e+02    1.338466e-02    1.043136e-04
4.124919e-03    1.249121e+02    1.337089e-02    1.043636e-04
4.152583e-03    1.246692e+02    1.335789e-02    1.044142e-04
4.180433e-03    1.244033e+02    1.334363e-02    1.044655e-04
4.208469e-03    1.241736e+02    1.333131e-02    1.045174e-04
4.236693e-03    1.239255e+02    1.331798e-02    1.045701e-04
4.265107e-03    1.236501e+02    1.330318e-02    1.046234e-04
4.293711e-03    1.234116e+02    1.329034e-02    1.046773e-04
4.322507e-03    1.231345e+02    1.327541e-02    1.047320e-04
4.351497e-03    1.228748e+02    1.326140e-02    1.047874e-04
4.380680e-03    1.226177e+02    1.324752e-02    1.048435e-04
4.410059e-03    1.223400e+02    1.323252e-02    1.049003e-04
4.439636e-03    1.220672e+02    1.321775e-02    1.049579e-04
4.469411e-03    1.217841e+02    1.320241e-02    1.050162e-04
4.499385e-03    1.214948e+02    1.318673e-02    1.050753e-04
4.529560e-03    1.212065e+02    1.317107e-02    1.051351e-04
4.559938e-03    1.209108e+02    1.315499e-02    1.051957e-04
4.590520e-03    1.206251e+02    1.313945e-02    1.052571e-04
4.621306e-03    1.203311e+02    1.312342e-02    1.053192e-04
4.652300e-03    1.200473e+02    1.310793e-02    1.053822e-04
4.683500e-03    1.197360e+02    1.309093e-02    1.054459e-04
4.714911e-03    1.194278e+02    1.307407e-02    1.055105e-04
4.746532e-03    1.191110e+02    1.305672e-02    1.055759e-04
4.778365e-03    1.188266e+02    1.304112e-02    1.056422e-04
4.810411e-03    1.185005e+02    1.302322e-02    1.057093e-04
4.842672e-03    1.181969e+02    1.300652e-02    1.057772e-04
4.875150e-03    1.178574e+02    1.298783e-02    1.058461e-04
4.907846e-03    1.175231e+02    1.296939e-02    1.059158e-04
4.940760e-03    1.171883e+02    1.295091e-02    1.059864e-04
4.973896e-03    1.168478e+02    1.293208e-02    1.060579e-04
5.007254e-03    1.165397e+02    1.291502e-02    1.061303e-04
5.040835e-03    1.162017e+02    1.289628e-02    1.062037e-04
5.074642e-03    1.158373e+02    1.287604e-02    1.062779e-04
5.108675e-03    1.155169e+02    1.285822e-02    1.063532e-04
5.142937e-03    1.151495e+02    1.283776e-02    1.064294e-04
5.177429e-03    1.148069e+02    1.281865e-02    1.065065e-04
5.212151e-03    1.144386e+02    1.279807e-02    1.065846e-04
5.247107e-03    1.140668e+02    1.277726e-02    1.066638e-04
5.282297e-03    1.136848e+02    1.275584e-02    1.067439e-04
5.317723e-03    1.133164e+02    1.273516e-02    1.068250e-04
5.353387e-03    1.129416e+02    1.271408e-02    1.069072e-04
5.389290e-03    1.125795e+02    1.269369e-02    1.069905e-04
5.425433e-03    1.121880e+02    1.267160e-02    1.070747e-04
5.461819e-03    1.117981e+02    1.264956e-02    1.071601e-04
5.498449e-03    1.114208e+02    1.262819e-02    1.072465e-04
5.535325e-03    1.110309e+02    1.260608e-02    1.073340e-04
5.572448e-03    1.106338e+02    1.258351e-02    1.074226e-04
5.609820e-03    1.102271e+02    1.256036e-02    1.075124e-04
5.647443e-03    1.098322e+02    1.253784e-02    1.076032e-04
5.685318e-03    1.093991e+02    1.251310e-02    1.076952e-04
5.723447e-03    1.090024e+02    1.249040e-02    1.077884e-04
5.761832e-03    1.085611e+02    1.246509e-02    1.078828e-04
5.800474e-03    1.081565e+02    1.244183e-02    1.079783e-04
5.839375e-03    1.077055e+02    1.241587e-02    1.080750e-04
5.878537e-03    1.072626e+02    1.239031e-02    1.081729e-04
5.917962e-03    1.068360e+02    1.236565e-02    1.082721e-04
5.957651e-03    1.064015e+02    1.234048e-02    1.083725e-04
5.997607e-03    1.059522e+02    1.231439e-02    1.084742e-04
6.037830e-03    1.055200e+02    1.228925e-02    1.085771e-04
6.078323e-03    1.050478e+02    1.226173e-02    1.086813e-04
6.119088e-03    1.045904e+02    1.223500e-02    1.087869e-04
6.160126e-03    1.041365e+02    1.220842e-02    1.088937e-04
6.201439e-03    1.036616e+02    1.218055e-02    1.090019e-04
6.243030e-03    1.031976e+02    1.215326e-02    1.091114e-04
6.284899e-03    1.027102e+02    1.212453e-02    1.092223e-04
6.327049e-03    1.022027e+02    1.209454e-02    1.093345e-04
6.369482e-03    1.017474e+02    1.206757e-02    1.094482e-04
6.412199e-03    1.012650e+02    1.203892e-02    1.095633e-04
6.455203e-03    1.007693e+02    1.200943e-02    1.096797e-04
6.498495e-03    1.002729e+02    1.197981e-02    1.097977e-04
6.542078e-03    9.973752e+01    1.194778e-02    1.099171e-04
6.585953e-03    9.922783e+01    1.191722e-02    1.100379e-04
6.630122e-03    9.873074e+01    1.188733e-02    1.101603e-04
6.674587e-03    9.822843e+01    1.185705e-02    1.102841e-04
6.719351e-03    9.769479e+01    1.182480e-02    1.104095e-04
6.764415e-03    9.717023e+01    1.179301e-02    1.105364e-04
6.809781e-03    9.665098e+01    1.176146e-02    1.106649e-04
6.855451e-03    9.609383e+01    1.172751e-02    1.107950e-04
6.901428e-03    9.556527e+01    1.169521e-02    1.109266e-04
6.947713e-03    9.499989e+01    1.166057e-02    1.110599e-04
6.994308e-03    9.445926e+01    1.162734e-02    1.111948e-04
7.041216e-03    9.389503e+01    1.159256e-02    1.113314e-04
7.088438e-03    9.333344e+01    1.155784e-02    1.114696e-04
7.135977e-03    9.278073e+01    1.152357e-02    1.116095e-04
7.183835e-03    9.221483e+01    1.148837e-02    1.117511e-04
7.232014e-03    9.163421e+01    1.145215e-02    1.118944e-04
7.280516e-03    9.105595e+01    1.141595e-02    1.120395e-04
7.329343e-03    9.049762e+01    1.138090e-02    1.121863e-04
7.378498e-03    8.988869e+01    1.134255e-02    1.123349e-04
7.427982e-03    8.931151e+01    1.130607e-02    1.124853e-04
7.477799e-03    8.869034e+01    1.126669e-02    1.126376e-04
7.527949e-03    8.810847e+01    1.122967e-02    1.127916e-04
7.578436e-03    8.750032e+01    1.119085e-02    1.129476e-04
7.629261e-03    8.687539e+01    1.115081e-02    1.131054e-04
7.680427e-03    8.628500e+01    1.111286e-02    1.132651e-04
7.731937e-03    8.565372e+01    1.107213e-02    1.134267e-04
7.783791e-03    8.501974e+01    1.103108e-02    1.135903e-04
7.835994e-03    8.437325e+01    1.098906e-02    1.137558e-04
7.888547e-03    8.375474e+01    1.094871e-02    1.139233e-04
7.941452e-03    8.312339e+01    1.090736e-02    1.140929e-04
7.994712e-03    8.247602e+01    1.086481e-02    1.142644e-04
8.048329e-03    8.184227e+01    1.082298e-02    1.144380e-04
8.102305e-03    8.117564e+01    1.077881e-02    1.146136e-04
8.156644e-03    8.050575e+01    1.073425e-02    1.147914e-04
8.211347e-03    7.986514e+01    1.069145e-02    1.149712e-04
8.266417e-03    7.920979e+01    1.064750e-02    1.151532e-04
8.321856e-03    7.854043e+01    1.060241e-02    1.153374e-04
8.377668e-03    7.786675e+01    1.055684e-02    1.155237e-04
8.433853e-03    7.718240e+01    1.051035e-02    1.157122e-04
8.490415e-03    7.650945e+01    1.046443e-02    1.159030e-04
8.547357e-03    7.582871e+01    1.041777e-02    1.160960e-04
8.604680e-03    7.514497e+01    1.037070e-02    1.162912e-04
8.662388e-03    7.445171e+01    1.032275e-02    1.164888e-04
8.720483e-03    7.375021e+01    1.027400e-02    1.166887e-04
8.778968e-03    7.304272e+01    1.022460e-02    1.168909e-04
8.837844e-03    7.236673e+01    1.017718e-02    1.170955e-04
8.897116e-03    7.166699e+01    1.012786e-02    1.173025e-04
8.956785e-03    7.093398e+01    1.007593e-02    1.175119e-04
9.016854e-03    7.022605e+01    1.002553e-02    1.177237e-04
9.077327e-03    6.950182e+01    9.973696e-03    1.179380e-04
9.138204e-03    6.878471e+01    9.922110e-03    1.181548e-04
9.199490e-03    6.805569e+01    9.869391e-03    1.183740e-04
9.261187e-03    6.734635e+01    9.817822e-03    1.185959e-04
9.323298e-03    6.661442e+01    9.764325e-03    1.188203e-04
9.385825e-03    6.585593e+01    9.708576e-03    1.190472e-04
9.448772e-03    6.512749e+01    9.654732e-03    1.192768e-04
9.512141e-03    6.439912e+01    9.600593e-03    1.195091e-04
9.575935e-03    6.365238e+01    9.544769e-03    1.197440e-04
9.640156e-03    6.291475e+01    9.489303e-03    1.199816e-04
9.704809e-03    6.216280e+01    9.432426e-03    1.202219e-04
9.769895e-03    6.141368e+01    9.375419e-03    1.204649e-04
9.835417e-03    6.065964e+01    9.317684e-03    1.207107e-04
9.901379e-03    5.990461e+01    9.259515e-03    1.209594e-04
9.967784e-03    5.916587e+01    9.202244e-03    1.212108e-04
1.003463e-02    5.839833e+01    9.142360e-03    1.214651e-04
1.010193e-02    5.762366e+01    9.081519e-03    1.217223e-04
1.016968e-02    5.687336e+01    9.022201e-03    1.219824e-04
1.023788e-02    5.611656e+01    8.961973e-03    1.222454e-04
1.030655e-02    5.536329e+01    8.901620e-03    1.225114e-04
1.037567e-02    5.459138e+01    8.839346e-03    1.227804e-04
1.044525e-02    5.381484e+01    8.776252e-03    1.230524e-04
1.051530e-02    5.304164e+01    8.712977e-03    1.233275e-04
1.058583e-02    5.226607e+01    8.649041e-03    1.236056e-04
1.065682e-02    5.150444e+01    8.585793e-03    1.238868e-04
1.072829e-02    5.073157e+01    8.521131e-03    1.241712e-04
1.080024e-02    4.996510e+01    8.456516e-03    1.244587e-04
1.087267e-02    4.918830e+01    8.390523e-03    1.247495e-04
1.094559e-02    4.841883e+01    8.324635e-03    1.250434e-04
1.101900e-02    4.763899e+01    8.257325e-03    1.253406e-04
1.109290e-02    4.686637e+01    8.190092e-03    1.256411e-04
1.116729e-02    4.610427e+01    8.123228e-03    1.259449e-04
1.124219e-02    4.531522e+01    8.053416e-03    1.262521e-04
1.131758e-02    4.453927e+01    7.984168e-03    1.265626e-04
1.139349e-02    4.377367e+01    7.915249e-03    1.268765e-04
1.146990e-02    4.300110e+01    7.845089e-03    1.271938e-04
1.154682e-02    4.224423e+01    7.775741e-03    1.275146e-04
1.162426e-02    4.147332e+01    7.704466e-03    1.278390e-04
1.170222e-02    4.070677e+01    7.632932e-03    1.281668e-04
1.178070e-02    3.993987e+01    7.560689e-03    1.284982e-04
1.185971e-02    3.918912e+01    7.489293e-03    1.288332e-04
1.193925e-02    3.841504e+01    7.414958e-03    1.291718e-04
1.201932e-02    3.766922e+01    7.342625e-03    1.295141e-04
1.209993e-02    3.690911e+01    7.268167e-03    1.298600e-04
1.218108e-02    3.613866e+01    7.191908e-03    1.302097e-04
1.226277e-02    3.538968e+01    7.116991e-03    1.305631e-04
1.234501e-02    3.464635e+01    7.041851e-03    1.309203e-04
1.242780e-02    3.391041e+01    6.966659e-03    1.312813e-04
1.251115e-02    3.315980e+01    6.889124e-03    1.316462e-04
1.259506e-02    3.243147e+01    6.813047e-03    1.320149e-04
1.267953e-02    3.169246e+01    6.734977e-03    1.323876e-04
1.276456e-02    3.096294e+01    6.657009e-03    1.327642e-04
1.285017e-02    3.024127e+01    6.578973e-03    1.331448e-04
1.293635e-02    2.952414e+01    6.500500e-03    1.335294e-04
1.302311e-02    2.878992e+01    6.419162e-03    1.339181e-04
1.311045e-02    2.809607e+01    6.341338e-03    1.343108e-04
1.319838e-02    2.738474e+01    6.260548e-03    1.347077e-04
1.328689e-02    2.667983e+01    6.179447e-03    1.351087e-04
1.337600e-02    2.597923e+01    6.097773e-03    1.355139e-04
1.346571e-02    2.530110e+01    6.017662e-03    1.359233e-04
1.355602e-02    2.461987e+01    5.936096e-03    1.363370e-04
1.364693e-02    2.392887e+01    5.852200e-03    1.367549e-04
1.373846e-02    2.327148e+01    5.771252e-03    1.371772e-04
1.383059e-02    2.259406e+01    5.686634e-03    1.376039e-04
1.392335e-02    2.193611e+01    5.603223e-03    1.380349e-04
1.401673e-02    2.128139e+01    5.518971e-03    1.384704e-04
1.411073e-02    2.064432e+01    5.435735e-03    1.389104e-04
1.420537e-02    1.999833e+01    5.350014e-03    1.393548e-04
1.430064e-02    1.937974e+01    5.266622e-03    1.398038e-04
1.439654e-02    1.874814e+01    5.180089e-03    1.402574e-04
1.449310e-02    1.813748e+01    5.095028e-03    1.407155e-04
1.459029e-02    1.753821e+01    5.010150e-03    1.411784e-04
1.468815e-02    1.693824e+01    4.923707e-03    1.416459e-04
1.478665e-02    1.635159e+01    4.837690e-03    1.421181e-04
1.488582e-02    1.576900e+01    4.750728e-03    1.425951e-04
1.498565e-02    1.521171e+01    4.666026e-03    1.430769e-04
1.508616e-02    1.463312e+01    4.576427e-03    1.435635e-04
1.518733e-02    1.408314e+01    4.489602e-03    1.440550e-04
1.528919e-02    1.353882e+01    4.401984e-03    1.445514e-04
1.539172e-02    1.300844e+01    4.314900e-03    1.450528e-04
1.549495e-02    1.248265e+01    4.226797e-03    1.455591e-04
1.559887e-02    1.196720e+01    4.138608e-03    1.460705e-04
1.570348e-02    1.146293e+01    4.050475e-03    1.465869e-04
1.580880e-02    1.098055e+01    3.964332e-03    1.471084e-04
1.591482e-02    1.048537e+01    3.873914e-03    1.476351e-04
1.602156e-02    1.001461e+01    3.785952e-03    1.481669e-04
1.612901e-02    9.552277e+00    3.697529e-03    1.487040e-04
1.623718e-02    9.106721e+00    3.610265e-03    1.492463e-04
1.634607e-02    8.672272e+00    3.523096e-03    1.497940e-04
1.645570e-02    8.233515e+00    3.432818e-03    1.503469e-04
1.656606e-02    7.817573e+00    3.344984e-03    1.509052e-04
1.667716e-02    7.410303e+00    3.256687e-03    1.514690e-04
1.678901e-02    7.008703e+00    3.167211e-03    1.520381e-04
1.690160e-02    6.635340e+00    3.081695e-03    1.526128e-04
1.701496e-02    6.261696e+00    2.993671e-03    1.531930e-04
1.712907e-02    5.896739e+00    2.905120e-03    1.537788e-04
1.724395e-02    5.540312e+00    2.815952e-03    1.543703e-04
1.735959e-02    5.199758e+00    2.728033e-03    1.549673e-04
1.747602e-02    4.881790e+00    2.643307e-03    1.555701e-04
1.759322e-02    4.560575e+00    2.554865e-03    1.561786e-04
1.771121e-02    4.254559e+00    2.467660e-03    1.567929e-04
1.782999e-02    3.961016e+00    2.381011e-03    1.574130e-04
1.794957e-02    3.681374e+00    2.295425e-03    1.580389e-04
1.806995e-02    3.413305e+00    2.210272e-03    1.586708e-04
1.819114e-02    3.150381e+00    2.123438e-03    1.593086e-04
1.831314e-02    2.903513e+00    2.038543e-03    1.599524e-04
1.843596e-02    2.669957e+00    1.954835e-03    1.606023e-04
1.855960e-02    2.443593e+00    1.870133e-03    1.612582e-04
1.868407e-02    2.228593e+00    1.785967e-03    1.619202e-04
1.880938e-02    2.029125e+00    1.704168e-03    1.625884e-04
1.893552e-02    1.839674e+00    1.622664e-03    1.632628e-04
1.906251e-02    1.654593e+00    1.538876e-03    1.639434e-04
1.919036e-02    1.484458e+00    1.457612e-03    1.646304e-04
1.931906e-02    1.325566e+00    1.377396e-03    1.653236e-04
1.944862e-02    1.178205e+00    1.298580e-03    1.660233e-04
1.957906e-02    1.035733e+00    1.217537e-03    1.667293e-04
1.971037e-02    9.062503e-01    1.138891e-03    1.674418e-04
1.984256e-02    7.880103e-01    1.061999e-03    1.681609e-04
1.997563e-02    6.765859e-01    9.840553e-04    1.688864e-04
2.010960e-02    5.770623e-01    9.088024e-04    1.696186e-04
2.024447e-02    4.850814e-01    8.332310e-04    1.703575e-04
2.038024e-02    4.006777e-01    7.572785e-04    1.711030e-04
2.051692e-02    3.280530e-01    6.852202e-04    1.718552e-04
2.065452e-02    2.634277e-01    6.140289e-04    1.726142e-04
2.079304e-02    2.054963e-01    5.423256e-04    1.733801e-04
2.093249e-02    1.558262e-01    4.722569e-04    1.741528e-04
2.107287e-02    1.144272e-01    4.046902e-04    1.749324e-04
2.121420e-02    7.987819e-02    3.381211e-04    1.757190e-04
2.135647e-02    5.235092e-02    2.737286e-04    1.765126e-04
2.149970e-02    3.142028e-02    2.120622e-04    1.773133e-04
2.164389e-02    1.683582e-02    1.552298e-04    1.781211e-04
2.178905e-02    8.511658e-03    1.103736e-04    1.789360e-04
2.193518e-02    6.021278e-03    9.283300e-05    1.797581e-04
2.208229e-02    8.903821e-03    1.128876e-04    1.805875e-04
2.223038e-02    1.710203e-02    1.564523e-04    1.814241e-04
2.237947e-02    2.972997e-02    2.062791e-04    1.822681e-04
2.252956e-02    4.729716e-02    2.601810e-04    1.831195e-04
2.268066e-02    6.850117e-02    3.131173e-04    1.839784e-04
2.283277e-02    9.255909e-02    3.639717e-04    1.848447e-04
2.298590e-02    1.220286e-01    4.179159e-04    1.857185e-04
2.314005e-02    1.530839e-01    4.680830e-04    1.866000e-04
2.329524e-02    1.870203e-01    5.173715e-04    1.874890e-04
2.345148e-02    2.257371e-01    5.684072e-04    1.883858e-04
2.360875e-02    2.637741e-01    6.144324e-04    1.892903e-04
2.376709e-02    3.042842e-01    6.599299e-04    1.902025e-04
2.392648e-02    3.466464e-01    7.043710e-04    1.911226e-04
2.408695e-02    3.884576e-01    7.456412e-04    1.920506e-04
2.424849e-02    4.330297e-01    7.872577e-04    1.929866e-04
2.441111e-02    4.751428e-01    8.246510e-04    1.939305e-04
2.457483e-02    5.202173e-01    8.628801e-04    1.948824e-04
2.473964e-02    5.650527e-01    8.992958e-04    1.958425e-04
2.490556e-02    6.084583e-01    9.331973e-04    1.968107e-04
2.507259e-02    6.516735e-01    9.657686e-04    1.977871e-04
2.524074e-02    6.929165e-01    9.958607e-04    1.987717e-04
2.541002e-02    7.326394e-01    1.024008e-03    1.997646e-04
2.558043e-02    7.747869e-01    1.053051e-03    2.007659e-04
2.575199e-02    8.097052e-01    1.076519e-03    2.017756e-04
2.592470e-02    8.463266e-01    1.100594e-03    2.027937e-04
2.609856e-02    8.812034e-01    1.123042e-03    2.038204e-04
2.627360e-02    9.119267e-01    1.142452e-03    2.048556e-04
2.644980e-02    9.394082e-01    1.159539e-03    2.058995e-04
2.662719e-02    9.670542e-01    1.176477e-03    2.069520e-04
2.680577e-02    9.915358e-01    1.191276e-03    2.080133e-04
2.698554e-02    1.009537e+00    1.202041e-03    2.090833e-04
2.716652e-02    1.028778e+00    1.213442e-03    2.101622e-04
2.734872e-02    1.041528e+00    1.220938e-03    2.112500e-04
2.753213e-02    1.055272e+00    1.228967e-03    2.123467e-04
2.771678e-02    1.062711e+00    1.233291e-03    2.134525e-04
2.790266e-02    1.067730e+00    1.236200e-03    2.145673e-04
2.808979e-02    1.069987e+00    1.237506e-03    2.156912e-04
2.827818e-02    1.067800e+00    1.236241e-03    2.168244e-04
2.846783e-02    1.064717e+00    1.234455e-03    2.179667e-04
2.865875e-02    1.054568e+00    1.228557e-03    2.191184e-04
2.885095e-02    1.046376e+00    1.223776e-03    2.202794e-04
2.904444e-02    1.034763e+00    1.216966e-03    2.214498e-04
2.923923e-02    1.021802e+00    1.209321e-03    2.226298e-04
2.943533e-02    9.986435e-01    1.195538e-03    2.238192e-04
2.963274e-02    9.767739e-01    1.182375e-03    2.250182e-04
2.983147e-02    9.520089e-01    1.167290e-03    2.262269e-04
3.003154e-02    9.266128e-01    1.151615e-03    2.274453e-04
3.023295e-02    8.967754e-01    1.132922e-03    2.286735e-04
3.043571e-02    8.672358e-01    1.114107e-03    2.299115e-04
3.063983e-02    8.347479e-01    1.093039e-03    2.311594e-04
3.084531e-02    8.004507e-01    1.070349e-03    2.324173e-04
3.105218e-02    7.651303e-01    1.046468e-03    2.336851e-04
3.126043e-02    7.296166e-01    1.021893e-03    2.349631e-04
3.147008e-02    6.914881e-01    9.948337e-04    2.362512e-04
3.168114e-02    6.544444e-01    9.678197e-04    2.375495e-04
3.189361e-02    6.153583e-01    9.384739e-04    2.388581e-04
3.210751e-02    5.768819e-01    9.086604e-04    2.401771e-04
3.232284e-02    5.379591e-01    8.774709e-04    2.415064e-04
3.253962e-02    4.996101e-01    8.456170e-04    2.428462e-04
3.275784e-02    4.580351e-01    8.096690e-04    2.441965e-04
3.297754e-02    4.201642e-01    7.754747e-04    2.455575e-04
3.319870e-02    3.835542e-01    7.409201e-04    2.469290e-04
3.342135e-02    3.478415e-01    7.055841e-04    2.483113e-04
3.364550e-02    3.120817e-01    6.683320e-04    2.497045e-04
3.387114e-02    2.765136e-01    6.290952e-04    2.511085e-04
3.409830e-02    2.439827e-01    5.909322e-04    2.525234e-04
3.432698e-02    2.139822e-01    5.534099e-04    2.539493e-04
3.455720e-02    1.855332e-01    5.153104e-04    2.553863e-04
3.478896e-02    1.576453e-01    4.750055e-04    2.568344e-04
3.502227e-02    1.333526e-01    4.368767e-04    2.582937e-04
3.525715e-02    1.106673e-01    3.979859e-04    2.597643e-04
3.549361e-02    8.925432e-02    3.574150e-04    2.612462e-04
3.573165e-02    7.015999e-02    3.168859e-04    2.627396e-04
3.597129e-02    5.380220e-02    2.774969e-04    2.642444e-04
3.621253e-02    3.973729e-02    2.384829e-04    2.657608e-04
3.645539e-02    2.796238e-02    2.000531e-04    2.672889e-04
3.669988e-02    1.850752e-02    1.627542e-04    2.688286e-04
3.694601e-02    1.137273e-02    1.275823e-04    2.703801e-04
3.719379e-02    6.321841e-03    9.512177e-05    2.719435e-04
3.744324e-02    3.422124e-03    6.998517e-05    2.735187e-04
3.769435e-02    2.371585e-03    5.826093e-05    2.751060e-04
3.794715e-02    3.274705e-03    6.846115e-05    2.767054e-04
3.820165e-02    6.088547e-03    9.335013e-05    2.783169e-04
3.845785e-02    1.034223e-02    1.216649e-04    2.799406e-04
3.871577e-02    1.604434e-02    1.515371e-04    2.815766e-04
3.897542e-02    2.311902e-02    1.819042e-04    2.832250e-04
3.923681e-02    3.168793e-02    2.129634e-04    2.848858e-04
3.949995e-02    4.096101e-02    2.421271e-04    2.865592e-04
3.976486e-02    5.082663e-02    2.697142e-04    2.882452e-04
4.003155e-02    6.180147e-02    2.974113e-04    2.899439e-04
4.030002e-02    7.263033e-02    3.224164e-04    2.916554e-04
4.057030e-02    8.425210e-02    3.472550e-04    2.933796e-04
4.084239e-02    9.650934e-02    3.716574e-04    2.951169e-04
4.111630e-02    1.075643e-01    3.923668e-04    2.968671e-04
4.139205e-02    1.197371e-01    4.139735e-04    2.986304e-04
4.166965e-02    1.294067e-01    4.303645e-04    3.004069e-04
4.194911e-02    1.384221e-01    4.451034e-04    3.021967e-04
4.223044e-02    1.468193e-01    4.584053e-04    3.039997e-04
4.251366e-02    1.561840e-01    4.727988e-04    3.058162e-04
4.279878e-02    1.643779e-01    4.850425e-04    3.076462e-04
4.308582e-02    1.693901e-01    4.923820e-04    3.094898e-04
4.337478e-02    1.753785e-01    5.010099e-04    3.113471e-04
4.366567e-02    1.784514e-01    5.053800e-04    3.132181e-04
4.395852e-02    1.816159e-01    5.098413e-04    3.151030e-04
4.425333e-02    1.839116e-01    5.130536e-04    3.170018e-04
4.455012e-02    1.834994e-01    5.124782e-04    3.189146e-04
4.484890e-02    1.809174e-01    5.088600e-04    3.208415e-04
4.514968e-02    1.788164e-01    5.058966e-04    3.227826e-04
4.545248e-02    1.745784e-01    4.998658e-04    3.247381e-04
4.575731e-02    1.693071e-01    4.922613e-04    3.267078e-04
4.606418e-02    1.629352e-01    4.829093e-04    3.286921e-04
4.637311e-02    1.562226e-01    4.728573e-04    3.306909e-04
4.668412e-02    1.476151e-01    4.596460e-04    3.327044e-04
4.699721e-02    1.389503e-01    4.459517e-04    3.347326e-04
4.731240e-02    1.287841e-01    4.293280e-04    3.367756e-04
4.762970e-02    1.187825e-01    4.123199e-04    3.388335e-04
4.794914e-02    1.076130e-01    3.924555e-04    3.409065e-04
4.827071e-02    9.745111e-02    3.734663e-04    3.429946e-04
4.859444e-02    8.737223e-02    3.536265e-04    3.450979e-04
4.892034e-02    7.656484e-02    3.310341e-04    3.472165e-04
4.924843e-02    6.618969e-02    3.077891e-04    3.493506e-04
4.957872e-02    5.672625e-02    2.849379e-04    3.515001e-04
4.991122e-02    4.726711e-02    2.600983e-04    3.536652e-04
5.024595e-02    3.847922e-02    2.346774e-04    3.558460e-04
5.058293e-02    3.085350e-02    2.101408e-04    3.580426e-04
5.092217e-02    2.338809e-02    1.829597e-04    3.602551e-04
5.126368e-02    1.745985e-02    1.580805e-04    3.624836e-04
5.160749e-02    1.231736e-02    1.327752e-04    3.647282e-04
5.195360e-02    8.251170e-03    1.086715e-04    3.669891e-04
5.230203e-02    4.923508e-03    8.394511e-05    3.692662e-04
5.265279e-02    2.816704e-03    6.349343e-05    3.715597e-04
5.300591e-02    1.804809e-03    5.082458e-05    3.738698e-04
5.336140e-02    1.721797e-03    4.964197e-05    3.761964e-04
5.371927e-02    2.591998e-03    6.090815e-05    3.785398e-04
5.407955e-02    4.349576e-03    7.890083e-05    3.809000e-04
5.444223e-02    6.931555e-03    9.960323e-05    3.832771e-04
5.480735e-02    9.921441e-03    1.191641e-04    3.856713e-04
5.517492e-02    1.389174e-02    1.410056e-04    3.880826e-04
5.554496e-02    1.781194e-02    1.596664e-04    3.905112e-04
5.591747e-02    2.206848e-02    1.777233e-04    3.929572e-04
5.629249e-02    2.656404e-02    1.949868e-04    3.954206e-04
5.667002e-02    3.124996e-02    2.114866e-04    3.979017e-04
5.705008e-02    3.595306e-02    2.268433e-04    4.004004e-04
5.743269e-02    4.021533e-02    2.399131e-04    4.029170e-04
5.781787e-02    4.384784e-02    2.505141e-04    4.054515e-04
5.820563e-02    4.755050e-02    2.608769e-04    4.080040e-04
5.859599e-02    5.051319e-02    2.688812e-04    4.105747e-04
5.898896e-02    5.326692e-02    2.761130e-04    4.131637e-04
5.938458e-02    5.453214e-02    2.793730e-04    4.157710e-04
5.978284e-02    5.567715e-02    2.822907e-04    4.183970e-04
6.018378e-02    5.536084e-02    2.814877e-04    4.210415e-04
6.058741e-02    5.548536e-02    2.818041e-04    4.237047e-04
6.099374e-02    5.405267e-02    2.781421e-04    4.263869e-04
6.140280e-02    5.218060e-02    2.732830e-04    4.290880e-04
6.181460e-02    4.931236e-02    2.656660e-04    4.318082e-04
6.222917e-02    4.688210e-02    2.590369e-04    4.345477e-04
6.264651e-02    4.318517e-02    2.486139e-04    4.373066e-04
6.306666e-02    3.899447e-02    2.362434e-04    4.400849e-04
6.348962e-02    3.545069e-02    2.252529e-04    4.428828e-04
6.391541e-02    3.097373e-02    2.105498e-04    4.457005e-04
6.434407e-02    2.618476e-02    1.935898e-04    4.485380e-04
6.477560e-02    2.225311e-02    1.784652e-04    4.513955e-04
6.521002e-02    1.803378e-02    1.606577e-04    4.542732e-04
6.564735e-02    1.400051e-02    1.415566e-04    4.571710e-04
6.608762e-02    1.096339e-02    1.252652e-04    4.600893e-04
6.653084e-02    7.775994e-03    1.054960e-04    4.630281e-04
6.697704e-02    5.295634e-03    8.705968e-05    4.659875e-04
6.742622e-02    3.432143e-03    7.008753e-05    4.689677e-04
6.787842e-02    2.211285e-03    5.625750e-05    4.719688e-04
6.833365e-02    1.464171e-03    4.577771e-05    4.749909e-04
6.879194e-02    1.421234e-03    4.510148e-05    4.780342e-04
6.925329e-02    1.804809e-03    5.082458e-05    4.810989e-04
6.971775e-02    3.007061e-03    6.560383e-05    4.841849e-04
7.018531e-02    4.232213e-03    7.782907e-05    4.872926e-04
7.065602e-02    5.954009e-03    9.231300e-05    4.904221e-04
7.112988e-02    8.056520e-03    1.073821e-04    4.935733e-04
7.160691e-02    1.045530e-02    1.223281e-04    4.967466e-04
7.208715e-02    1.246478e-02    1.335674e-04    4.999420e-04
7.257061e-02    1.499666e-02    1.465060e-04    5.031598e-04
7.305731e-02    1.697036e-02    1.558489e-04    5.064001e-04
7.354727e-02    1.869788e-02    1.635891e-04    5.096628e-04
7.404052e-02    2.010623e-02    1.696381e-04    5.129484e-04
7.453708e-02    2.158329e-02    1.757587e-04    5.162567e-04
7.503697e-02    2.242916e-02    1.791697e-04    5.195882e-04
7.554021e-02    2.304745e-02    1.816225e-04    5.229428e-04
7.604682e-02    2.246350e-02    1.793068e-04    5.263208e-04
7.655684e-02    2.210569e-02    1.778731e-04    5.297223e-04
7.707027e-02    2.112099e-02    1.738662e-04    5.331473e-04
7.758715e-02    1.989441e-02    1.687421e-04    5.365962e-04
7.810749e-02    1.820696e-02    1.614272e-04    5.400690e-04
7.863133e-02    1.643793e-02    1.533846e-04    5.435659e-04
7.915867e-02    1.413075e-02    1.422135e-04    5.470871e-04
7.968955e-02    1.189943e-02    1.305032e-04    5.506327e-04
8.022400e-02    9.699597e-03    1.178243e-04    5.542028e-04
8.076203e-02    7.694412e-03    1.049412e-04    5.577977e-04
8.130366e-02    5.820903e-03    9.127530e-05    5.614175e-04
8.184893e-02    4.413982e-03    7.948284e-05    5.650623e-04
8.239786e-02    2.969848e-03    6.519665e-05    5.687324e-04
8.295046e-02    2.092491e-03    5.472552e-05    5.724278e-04
8.350678e-02    1.382590e-03    4.448409e-05    5.761489e-04
8.406682e-02    1.256639e-03    4.240953e-05    5.798956e-04
8.463062e-02    1.521421e-03    4.666409e-05    5.836682e-04
8.519820e-02    1.945072e-03    5.276257e-05    5.874668e-04
8.576959e-02    2.863936e-03    6.402355e-05    5.912918e-04
8.634481e-02    3.785662e-03    7.360868e-05    5.951430e-04
8.692389e-02    5.225502e-03    8.648128e-05    5.990208e-04
8.750685e-02    6.373366e-03    9.550861e-05    6.029254e-04
8.809372e-02    7.671513e-03    1.047849e-04    6.068569e-04
8.868453e-02    8.928152e-03    1.130418e-04    6.108155e-04
8.927929e-02    9.805510e-03    1.184658e-04    6.148014e-04
8.987805e-02    1.056264e-02    1.229545e-04    6.188147e-04
9.048083e-02    1.123819e-02    1.268254e-04    6.228557e-04
9.108764e-02    1.144716e-02    1.279991e-04    6.269244e-04
9.169853e-02    1.102350e-02    1.256082e-04    6.310212e-04
9.231351e-02    1.095767e-02    1.252325e-04    6.351461e-04
9.293262e-02    1.013470e-02    1.204380e-04    6.392994e-04
9.355588e-02    9.085589e-03    1.140341e-04    6.434812e-04
9.418332e-02    7.920550e-03    1.064721e-04    6.476918e-04
9.481496e-02    6.745492e-03    9.825731e-05    6.519313e-04
9.545085e-02    5.607646e-03    8.958770e-05    6.561998e-04
9.609099e-02    4.517032e-03    8.040531e-05    6.604978e-04
9.673543e-02    3.380618e-03    6.955945e-05    6.648251e-04
9.738420e-02    2.358704e-03    5.810249e-05    6.691822e-04
9.803731e-02    1.766165e-03    5.027751e-05    6.735692e-04
9.869481e-02    1.292421e-03    4.300907e-05    6.779862e-04
9.935671e-02    1.220858e-03    4.180139e-05    6.824335e-04
1.000231e-01    1.333927e-03    4.369424e-05    6.869113e-04
1.006939e-01    1.657390e-03    4.870466e-05    6.914198e-04
1.013692e-01    2.151172e-03    5.548757e-05    6.959591e-04
1.020490e-01    2.780923e-03    6.308885e-05    7.005295e-04
1.027334e-01    3.685475e-03    7.262812e-05    7.051313e-04
1.034224e-01    4.562832e-03    8.081191e-05    7.097645e-04
1.041160e-01    5.113864e-03    8.555250e-05    7.144294e-04
1.048143e-01    5.866703e-03    9.163368e-05    7.191262e-04
1.055172e-01    6.178716e-03    9.403883e-05    7.238551e-04
1.062249e-01    6.490729e-03    9.638398e-05    7.286164e-04
1.069373e-01    6.569448e-03    9.696669e-05    7.334102e-04
1.076545e-01    6.324704e-03    9.514330e-05    7.382367e-04
1.083765e-01    5.808022e-03    9.117426e-05    7.430962e-04
1.091033e-01    5.292771e-03    8.703614e-05    7.479889e-04
1.098350e-01    4.568557e-03    8.086258e-05    7.529150e-04
1.105716e-01    3.734137e-03    7.310604e-05    7.578748e-04
1.113132e-01    3.015648e-03    6.569744e-05    7.628684e-04
1.120597e-01    2.301454e-03    5.739304e-05    7.678961e-04
1.128112e-01    1.794790e-03    5.068331e-05    7.729580e-04
1.135678e-01    1.415508e-03    4.501055e-05    7.780545e-04
1.143295e-01    1.136414e-03    4.032983e-05    7.831858e-04
1.150962e-01    1.112083e-03    3.989576e-05    7.883520e-04
1.158681e-01    1.355396e-03    4.404445e-05    7.935534e-04
1.166452e-01    1.641646e-03    4.847278e-05    7.987904e-04
1.174275e-01    2.151172e-03    5.548757e-05    8.040629e-04
1.182150e-01    2.612035e-03    6.114312e-05    8.093714e-04
1.190078e-01    3.227474e-03    6.796565e-05    8.147160e-04
1.198060e-01    3.676887e-03    7.254346e-05    8.200970e-04
1.206095e-01    3.960275e-03    7.528713e-05    8.255147e-04
1.214183e-01    4.133456e-03    7.691566e-05    8.309692e-04
1.222326e-01    4.260838e-03    7.809183e-05    8.364610e-04
1.230524e-01    4.003212e-03    7.569417e-05    8.419899e-04
1.238777e-01    3.765625e-03    7.341361e-05    8.475566e-04
1.247085e-01    3.423556e-03    6.999980e-05    8.531610e-04
1.255448e-01    3.005630e-03    6.558822e-05    8.588037e-04
1.263868e-01    2.403073e-03    5.864642e-05    8.644846e-04
1.272344e-01    1.986578e-03    5.332255e-05    8.702042e-04
1.280877e-01    1.487071e-03    4.613431e-05    8.759626e-04
1.289468e-01    1.263796e-03    4.253012e-05    8.817602e-04
1.298115e-01    1.041952e-03    3.861730e-05    8.875972e-04
1.306821e-01    1.077733e-03    3.927477e-05    8.934738e-04
1.315586e-01    1.255208e-03    4.238537e-05    8.993903e-04
1.324409e-01    1.547184e-03    4.705752e-05    9.053471e-04
1.333291e-01    1.889253e-03    5.199997e-05    9.113443e-04
1.342233e-01    2.294297e-03    5.730374e-05    9.173821e-04
1.351235e-01    2.569098e-03    6.063850e-05    9.234609e-04
1.360297e-01    2.823861e-03    6.357403e-05    9.295810e-04
1.369420e-01    2.951242e-03    6.499209e-05    9.357426e-04
1.378604e-01    3.045705e-03    6.602403e-05    9.419461e-04
1.387849e-01    2.825292e-03    6.359014e-05    9.481916e-04
1.397157e-01    2.603448e-03    6.104253e-05    9.544794e-04
1.406527e-01    2.298591e-03    5.735733e-05    9.608099e-04
1.415960e-01    1.880665e-03    5.188166e-05    9.671833e-04
1.425456e-01    1.578671e-03    4.753395e-05    9.736001e-04
1.435016e-01    1.275246e-03    4.272234e-05    9.800602e-04
1.444640e-01    1.156452e-03    4.068383e-05    9.865641e-04
1.454329e-01    1.077733e-03    3.927477e-05    9.931120e-04
1.464083e-01    1.143571e-03    4.045662e-05    9.997044e-04
1.473902e-01    1.313890e-03    4.336482e-05    1.006341e-03
1.483786e-01    1.491365e-03    4.620086e-05    1.013023e-03
1.493737e-01    1.746128e-03    4.999149e-05    1.019751e-03
1.503755e-01    1.993734e-03    5.341851e-05    1.026523e-03
1.513840e-01    2.149741e-03    5.546911e-05    1.033342e-03
1.523993e-01    2.249929e-03    5.674694e-05    1.040207e-03
1.534214e-01    2.290004e-03    5.725009e-05    1.047118e-03
1.544503e-01    2.103941e-03    5.487504e-05    1.054076e-03
1.554861e-01    1.862059e-03    5.162438e-05    1.061081e-03
1.565289e-01    1.691740e-03    4.920678e-05    1.068134e-03
1.575787e-01    1.457015e-03    4.566570e-05    1.075234e-03
1.586355e-01    1.260933e-03    4.248192e-05    1.082383e-03
1.596994e-01    1.084889e-03    3.940495e-05    1.089579e-03
1.607704e-01    1.067714e-03    3.909180e-05    1.096824e-03
1.618487e-01    1.059127e-03    3.893427e-05    1.104119e-03
1.629341e-01    1.230877e-03    4.197255e-05    1.111462e-03
1.640268e-01    1.305302e-03    4.322287e-05    1.118856e-03
1.651269e-01    1.592984e-03    4.774894e-05    1.126299e-03
1.662343e-01    1.693171e-03    4.922759e-05    1.133793e-03
1.673492e-01    1.892115e-03    5.203936e-05    1.141337e-03
1.684715e-01    1.849178e-03    5.144551e-05    1.148932e-03
1.696014e-01    1.787634e-03    5.058216e-05    1.156579e-03
1.707388e-01    1.625903e-03    4.823978e-05    1.164277e-03
1.718839e-01    1.581534e-03    4.757702e-05    1.172027e-03
1.730367e-01    1.308165e-03    4.327024e-05    1.179830e-03
1.741971e-01    1.189371e-03    4.125881e-05    1.187685e-03
1.753654e-01    1.037658e-03    3.853765e-05    1.195594e-03
1.765415e-01    1.072008e-03    3.917032e-05    1.203556e-03
1.777255e-01    1.099202e-03    3.966402e-05    1.211571e-03
1.789174e-01    1.230877e-03    4.197255e-05    1.219641e-03
1.801174e-01    1.386883e-03    4.455312e-05    1.227765e-03
1.813253e-01    1.567221e-03    4.736126e-05    1.235944e-03
1.825414e-01    1.675996e-03    4.897728e-05    1.244179e-03
1.837656e-01    1.610159e-03    4.800566e-05    1.252468e-03
1.849981e-01    1.532871e-03    4.683936e-05    1.260814e-03
1.862388e-01    1.404058e-03    4.482814e-05    1.269216e-03
1.874878e-01    1.235171e-03    4.204570e-05    1.277675e-03
1.887452e-01    1.167902e-03    4.088474e-05    1.286191e-03
1.900110e-01    1.112083e-03    3.989576e-05    1.294765e-03
1.912853e-01    1.054833e-03    3.885527e-05    1.303396e-03
1.925682e-01    1.059127e-03    3.893427e-05    1.312085e-03
1.938597e-01    1.173627e-03    4.098483e-05    1.320833e-03
1.951598e-01    1.282402e-03    4.284205e-05    1.329641e-03
1.964687e-01    1.404058e-03    4.482814e-05    1.338507e-03
1.977863e-01    1.374002e-03    4.434573e-05    1.347433e-03
1.991128e-01    1.419802e-03    4.507876e-05    1.356420e-03
2.004481e-01    1.514265e-03    4.655422e-05    1.365467e-03
2.017924e-01    1.256639e-03    4.240953e-05    1.374575e-03
2.031458e-01    1.166471e-03    4.085968e-05    1.383745e-03
2.045082e-01    1.090614e-03    3.950878e-05    1.392976e-03
2.058797e-01    1.092045e-03    3.953470e-05    1.402270e-03
2.072605e-01    1.039089e-03    3.856422e-05    1.411626e-03
2.086505e-01    1.079164e-03    3.930084e-05    1.421045e-03
2.100498e-01    1.142139e-03    4.043129e-05    1.430528e-03
2.114585e-01    1.263796e-03    4.253012e-05    1.440075e-03
2.128767e-01    1.289558e-03    4.296142e-05    1.449686e-03
2.143044e-01    1.288127e-03    4.293757e-05    1.459362e-03
2.157416e-01    1.245189e-03    4.221588e-05    1.469103e-03
2.171885e-01    1.296715e-03    4.308046e-05    1.478909e-03
2.186451e-01    1.159314e-03    4.073415e-05    1.488782e-03
2.201115e-01    1.117808e-03    3.999831e-05    1.498721e-03
2.215876e-01    9.804078e-04    3.745946e-05    1.508727e-03
2.230737e-01    1.017620e-03    3.816374e-05    1.518801e-03
2.245698e-01    1.043383e-03    3.864381e-05    1.528942e-03
2.260759e-01    1.215133e-03    4.170326e-05    1.539152e-03
2.275921e-01    1.219427e-03    4.177688e-05    1.549431e-03
2.291184e-01    1.209408e-03    4.160491e-05    1.559779e-03
2.306550e-01    1.212271e-03    4.165411e-05    1.570196e-03
2.322020e-01    1.176489e-03    4.103478e-05    1.580684e-03
2.337592e-01    1.080595e-03    3.932689e-05    1.591242e-03
2.353270e-01    1.094908e-03    3.958648e-05    1.601871e-03
2.369052e-01    1.056264e-03    3.888162e-05    1.612572e-03
2.384940e-01    9.646640e-04    3.715747e-05    1.623345e-03
2.400935e-01    1.013327e-03    3.808314e-05    1.634190e-03
2.417037e-01    1.120671e-03    4.004950e-05    1.645109e-03
2.433247e-01    1.145002e-03    4.048193e-05    1.656101e-03
2.449566e-01    1.162177e-03    4.078441e-05    1.667167e-03
2.465994e-01    1.102064e-03    3.971564e-05    1.678307e-03
2.482532e-01    1.087752e-03    3.945690e-05    1.689523e-03
2.499182e-01    1.007602e-03    3.797542e-05    1.700814e-03
2.515942e-01    1.110652e-03    3.987008e-05    1.712181e-03
2.532816e-01    1.064852e-03    3.903936e-05    1.723624e-03
2.549802e-01    9.861328e-04    3.756867e-05    1.735144e-03
2.566903e-01    1.106358e-03    3.979293e-05    1.746742e-03
2.584118e-01    1.140708e-03    4.040595e-05    1.758418e-03
2.601448e-01    1.119239e-03    4.002392e-05    1.770173e-03
2.618895e-01    1.123533e-03    4.010061e-05    1.782006e-03
2.636459e-01    1.057695e-03    3.890796e-05    1.793920e-03
2.654141e-01    1.037658e-03    3.853765e-05    1.805913e-03
2.671941e-01    1.049108e-03    3.874968e-05    1.817987e-03
2.689860e-01    1.056264e-03    3.888162e-05    1.830143e-03
2.707900e-01    1.020483e-03    3.821739e-05    1.842380e-03
2.726061e-01    1.077733e-03    3.927477e-05    1.854699e-03
2.744343e-01    1.092045e-03    3.953470e-05    1.867101e-03
2.762748e-01    1.107789e-03    3.981866e-05    1.879587e-03
2.781277e-01    1.139277e-03    4.038060e-05    1.892157e-03
2.799930e-01    1.020483e-03    3.821739e-05    1.904811e-03
2.818708e-01    1.031933e-03    3.843119e-05    1.917550e-03
2.837612e-01    9.589391e-04    3.704704e-05    1.930375e-03
2.856642e-01    1.041952e-03    3.861730e-05    1.943286e-03
2.875801e-01    1.076302e-03    3.924869e-05    1.956284e-03
2.895087e-01    1.096339e-03    3.961235e-05    1.969370e-03
2.914503e-01    1.039089e-03    3.856422e-05    1.982543e-03
2.934050e-01    1.069146e-03    3.911799e-05    1.995805e-03
2.953727e-01    1.041952e-03    3.861730e-05    2.009156e-03
2.973536e-01    1.024777e-03    3.829770e-05    2.022597e-03
2.993479e-01    9.918578e-04    3.767756e-05    2.036128e-03
3.013555e-01    9.875641e-04    3.759592e-05    2.049750e-03
3.033765e-01    1.102064e-03    3.971564e-05    2.063464e-03
3.054111e-01    1.086320e-03    3.943094e-05    2.077271e-03
3.074594e-01    1.016189e-03    3.813690e-05    2.091169e-03
3.095214e-01    1.057695e-03    3.890796e-05    2.105162e-03
3.115972e-01    1.044814e-03    3.867031e-05    2.119248e-03
3.136870e-01    9.517827e-04    3.690855e-05    2.133429e-03
3.157907e-01    1.013327e-03    3.808314e-05    2.147705e-03
3.179086e-01    9.861328e-04    3.756867e-05    2.162077e-03
3.200407e-01    9.918578e-04    3.767756e-05    2.176546e-03
3.221871e-01    1.061989e-03    3.898685e-05    2.191112e-03
3.243478e-01    1.016189e-03    3.813690e-05    2.205777e-03
3.265231e-01    1.094908e-03    3.958648e-05    2.220539e-03
3.287130e-01    9.804078e-04    3.745946e-05    2.235401e-03
3.309175e-01    9.589391e-04    3.704704e-05    2.250362e-03
3.331368e-01    1.122102e-03    4.007507e-05    2.265425e-03
3.353710e-01    1.059127e-03    3.893427e-05    2.280588e-03
3.376202e-01    1.067714e-03    3.909180e-05    2.295853e-03
3.398845e-01    1.047677e-03    3.872324e-05    2.311221e-03
3.421639e-01    1.053402e-03    3.882890e-05    2.326692e-03
3.444587e-01    1.027639e-03    3.835115e-05    2.342268e-03
3.467688e-01    1.020483e-03    3.821739e-05    2.357947e-03
3.490944e-01    9.947203e-04    3.773189e-05    2.373732e-03
3.514357e-01    1.036227e-03    3.851106e-05    2.389624e-03
3.537926e-01    1.020483e-03    3.821739e-05    2.405621e-03
3.561653e-01    1.011895e-03    3.805624e-05    2.421727e-03
3.585540e-01    1.007602e-03    3.797542e-05    2.437940e-03
3.609587e-01    9.703891e-04    3.726757e-05    2.454263e-03
3.633794e-01    1.039089e-03    3.856422e-05    2.470695e-03
3.658165e-01    1.013327e-03    3.808314e-05    2.487238e-03
3.682699e-01    1.063420e-03    3.901311e-05    2.503891e-03
3.707397e-01    1.054833e-03    3.885527e-05    2.520657e-03
3.732261e-01    1.084889e-03    3.940495e-05    2.537535e-03
3.757291e-01    1.036227e-03    3.851106e-05    2.554526e-03
3.782490e-01    1.064852e-03    3.903936e-05    2.571632e-03
3.807857e-01    1.010464e-03    3.802932e-05    2.588853e-03
3.833395e-01    1.080595e-03    3.932689e-05    2.606189e-03
3.859104e-01    9.761141e-04    3.737734e-05    2.623642e-03
3.884985e-01    1.019052e-03    3.819058e-05    2.641211e-03
3.911040e-01    1.027639e-03    3.835115e-05    2.658899e-03
3.937270e-01    9.832704e-04    3.751410e-05    2.676706e-03
3.963676e-01    1.027639e-03    3.835115e-05    2.694632e-03
3.990258e-01    1.096339e-03    3.961235e-05    2.712679e-03
4.017019e-01    9.632328e-04    3.712990e-05    2.730847e-03
4.043960e-01    9.431952e-04    3.674167e-05    2.749137e-03
4.071081e-01    9.947203e-04    3.773189e-05    2.767550e-03
4.098384e-01    1.027639e-03    3.835115e-05    2.786086e-03
4.125870e-01    9.575078e-04    3.701939e-05    2.804747e-03
4.153540e-01    9.947203e-04    3.773189e-05    2.823533e-03
4.181396e-01    1.019052e-03    3.819058e-05    2.842445e-03
4.209439e-01    9.847016e-04    3.754139e-05    2.861484e-03
4.237670e-01    9.918578e-04    3.767756e-05    2.880652e-03
4.266090e-01    1.023345e-03    3.827095e-05    2.899947e-03
4.294701e-01    1.027639e-03    3.835115e-05    2.919373e-03
4.323504e-01    9.560765e-04    3.699171e-05    2.938929e-03
4.352500e-01    9.804078e-04    3.745946e-05    2.958616e-03
4.381690e-01    1.001877e-03    3.786738e-05    2.978435e-03
4.411076e-01    1.053402e-03    3.882890e-05    2.998387e-03
4.440659e-01    1.001877e-03    3.786738e-05    3.018474e-03
4.470441e-01    9.689578e-04    3.724007e-05    3.038695e-03
4.500422e-01    1.043383e-03    3.864381e-05    3.059052e-03
4.530605e-01    9.990140e-04    3.781324e-05    3.079546e-03
4.560989e-01    9.875641e-04    3.759592e-05    3.100177e-03
4.591578e-01    1.004739e-03    3.792144e-05    3.120947e-03
4.622372e-01    1.072008e-03    3.917032e-05    3.141856e-03
4.653372e-01    1.013327e-03    3.808314e-05    3.162906e-03
4.684580e-01    1.001877e-03    3.786738e-05    3.184097e-03
4.715998e-01    9.646640e-04    3.715747e-05    3.205430e-03
4.747626e-01    9.675266e-04    3.721256e-05    3.226906e-03
4.779466e-01    1.021914e-03    3.824418e-05    3.248526e-03
4.811520e-01    1.054833e-03    3.885527e-05    3.270292e-03
4.843789e-01    1.011895e-03    3.805624e-05    3.292204e-03
4.876274e-01    1.021914e-03    3.824418e-05    3.314263e-03
4.908977e-01    9.317452e-04    3.651798e-05    3.336470e-03
4.941899e-01    1.049108e-03    3.874968e-05    3.358826e-03
4.975043e-01    9.603703e-04    3.707468e-05    3.381332e-03
5.008408e-01    9.918578e-04    3.767756e-05    3.403989e-03
5.041997e-01    1.057695e-03    3.890796e-05    3.426798e-03
5.075812e-01    1.092045e-03    3.953470e-05    3.449760e-03
5.109853e-01    9.460577e-04    3.679738e-05    3.472877e-03
5.144123e-01    9.618016e-04    3.710230e-05    3.496149e-03
5.178622e-01    9.517827e-04    3.690855e-05    3.519577e-03
5.213353e-01    1.009033e-03    3.800237e-05    3.543162e-03
5.248317e-01    9.875641e-04    3.759592e-05    3.566905e-03
5.283515e-01    1.011895e-03    3.805624e-05    3.590808e-03
5.318949e-01    9.975828e-04    3.778614e-05    3.614871e-03
5.354621e-01    1.013327e-03    3.808314e-05    3.639096e-03
5.390532e-01    1.026208e-03    3.832444e-05    3.663483e-03
5.426684e-01    9.718203e-04    3.729504e-05    3.688034e-03
5.463078e-01    9.560765e-04    3.699171e-05    3.712750e-03
5.499717e-01    9.274515e-04    3.643374e-05    3.737631e-03
5.536601e-01    1.006170e-03    3.794843e-05    3.762680e-03
5.573733e-01    1.053402e-03    3.882890e-05    3.787896e-03
5.611113e-01    9.847016e-04    3.754139e-05    3.813282e-03
5.648745e-01    9.703891e-04    3.726757e-05    3.838839e-03
5.686628e-01    1.017620e-03    3.816374e-05    3.864567e-03
5.724766e-01    1.030502e-03    3.840453e-05    3.890467e-03
5.763160e-01    9.990140e-04    3.781324e-05    3.916542e-03
5.801811e-01    9.918578e-04    3.767756e-05    3.942791e-03
5.840721e-01    1.003308e-03    3.789441e-05    3.969216e-03
5.879892e-01    9.660953e-04    3.718503e-05    3.995819e-03
5.919326e-01    9.689578e-04    3.724007e-05    4.022601e-03
5.959025e-01    1.010464e-03    3.802932e-05    4.049561e-03
5.998989e-01    9.618016e-04    3.710230e-05    4.076704e-03
6.039222e-01    1.029070e-03    3.837785e-05    4.104028e-03
6.079724e-01    1.060558e-03    3.896057e-05    4.131535e-03
6.120498e-01    1.049108e-03    3.874968e-05    4.159227e-03
6.161546e-01    9.990140e-04    3.781324e-05    4.187105e-03
6.202869e-01    9.875641e-04    3.759592e-05    4.215170e-03
6.244469e-01    9.947203e-04    3.773189e-05    4.243424e-03
6.286348e-01    1.006170e-03    3.794843e-05    4.271866e-03
6.328508e-01    9.889953e-04    3.762315e-05    4.300500e-03
6.370950e-01    9.761141e-04    3.737734e-05    4.329326e-03
6.413677e-01    1.019052e-03    3.819058e-05    4.358345e-03
6.456691e-01    1.000445e-03    3.784032e-05    4.387559e-03
6.499993e-01    1.004739e-03    3.792144e-05    4.416970e-03
6.543586e-01    1.007602e-03    3.797542e-05    4.446577e-03
6.587471e-01    9.832704e-04    3.751410e-05    4.476383e-03
6.631650e-01    9.818390e-04    3.748679e-05    4.506389e-03
6.676126e-01    1.066283e-03    3.906558e-05    4.536597e-03
6.720900e-01    9.861328e-04    3.756867e-05    4.567007e-03
6.765974e-01    1.044814e-03    3.867031e-05    4.597621e-03
6.811351e-01    1.014758e-03    3.811003e-05    4.628440e-03
6.857031e-01    9.560765e-04    3.699171e-05    4.659466e-03
6.903019e-01    9.904265e-04    3.765037e-05    4.690701e-03
6.949314e-01    9.503515e-04    3.688079e-05    4.722145e-03
6.995920e-01    1.044814e-03    3.867031e-05    4.753801e-03
7.042839e-01    9.875641e-04    3.759592e-05    4.785668e-03
7.090072e-01    1.060558e-03    3.896057e-05    4.817749e-03
7.137622e-01    9.718203e-04    3.729504e-05    4.850046e-03
7.185491e-01    1.034795e-03    3.848445e-05    4.882559e-03
7.233681e-01    1.020483e-03    3.821739e-05    4.915291e-03
7.282194e-01    1.070577e-03    3.914416e-05    4.948241e-03
7.331033e-01    9.102765e-04    3.609481e-05    4.981413e-03
7.380199e-01    1.077733e-03    3.927477e-05    5.014808e-03
7.429695e-01    9.904265e-04    3.765037e-05    5.048427e-03
7.479523e-01    1.009033e-03    3.800237e-05    5.082271e-03
7.529684e-01    9.918578e-04    3.767756e-05    5.116343e-03
7.580183e-01    9.446265e-04    3.676954e-05    5.150642e-03
7.631020e-01    9.961516e-04    3.775903e-05    5.185172e-03
7.682198e-01    1.013327e-03    3.808314e-05    5.219934e-03
7.733719e-01    1.010464e-03    3.802932e-05    5.254929e-03
7.785586e-01    9.460577e-04    3.679738e-05    5.290159e-03
7.837800e-01    1.003308e-03    3.789441e-05    5.325625e-03
7.890365e-01    9.460577e-04    3.679738e-05    5.361329e-03
7.943282e-01    9.517827e-04    3.690855e-05    5.397272e-03
