# X-ray-like data generated for model core_shell_sphere with parameters:
# radius = 150
# thickness = 40
# sld_core = 4
# sld_shell = 4
# sld_solvent = 6
# scale = 0.01
# background = 0.001
#    Q             counts           error          sigmaQ
1.000000e-03    1.140862e+02    1.140868e-02    1.007602e-04
1.006707e-03    1.140623e+02    1.140749e-02    1.007633e-04
1.013458e-03    1.140710e+02    1.140792e-02    1.007665e-04
1.020255e-03    1.140615e+02    1.140745e-02    1.007696e-04
1.027097e-03    1.140409e+02    1.140641e-02    1.007728e-04
1.033986e-03    1.140388e+02    1.140631e-02    1.007761e-04
1.040920e-03    1.140392e+02    1.140633e-02    1.007794e-04
1.047901e-03    1.140179e+02    1.140526e-02    1.007827e-04
1.054929e-03    1.140057e+02    1.140465e-02    1.007861e-04
1.062004e-03    1.139903e+02    1.140388e-02    1.007895e-04
1.069126e-03    1.139661e+02    1.140267e-02    1.007930e-04
1.076297e-03    1.139605e+02    1.140239e-02    1.007965e-04
1.083515e-03    1.139402e+02    1.140138e-02    1.008001e-04
1.090781e-03    1.139176e+02    1.140025e-02    1.008037e-04
1.098097e-03    1.139190e+02    1.140032e-02    1.008074e-04
1.105461e-03    1.138973e+02    1.139923e-02    1.008111e-04
1.112875e-03    1.138794e+02    1.139833e-02    1.008149e-04
1.120339e-03    1.138779e+02    1.139826e-02    1.008187e-04
1.127852e-03    1.138572e+02    1.139722e-02    1.008225e-04
1.135416e-03    1.138512e+02    1.139692e-02    1.008265e-04
1.143031e-03    1.138221e+02    1.139546e-02    1.008304e-04
1.150697e-03    1.138236e+02    1.139554e-02    1.008344e-04
1.158414e-03    1.138078e+02    1.139475e-02    1.008385e-04
1.166183e-03    1.137986e+02    1.139429e-02    1.008427e-04
1.174004e-03    1.137702e+02    1.139287e-02    1.008468e-04
1.181878e-03    1.137597e+02    1.139234e-02    1.008511e-04
1.189804e-03    1.137251e+02    1.139061e-02    1.008554e-04
1.197784e-03    1.137329e+02    1.139100e-02    1.008598e-04
1.205817e-03    1.136917e+02    1.138894e-02    1.008642e-04
1.213904e-03    1.136931e+02    1.138901e-02    1.008687e-04
1.222045e-03    1.136730e+02    1.138800e-02    1.008732e-04
1.230240e-03    1.136571e+02    1.138720e-02    1.008778e-04
1.238491e-03    1.136475e+02    1.138672e-02    1.008824e-04
1.246797e-03    1.136224e+02    1.138546e-02    1.008872e-04
1.255159e-03    1.136169e+02    1.138519e-02    1.008919e-04
1.263577e-03    1.136112e+02    1.138491e-02    1.008968e-04
1.272051e-03    1.135385e+02    1.138126e-02    1.009017e-04
1.280582e-03    1.135421e+02    1.138144e-02    1.009067e-04
1.289170e-03    1.135488e+02    1.138178e-02    1.009117e-04
1.297816e-03    1.135320e+02    1.138094e-02    1.009169e-04
1.306520e-03    1.135179e+02    1.138023e-02    1.009220e-04
1.315282e-03    1.135020e+02    1.137943e-02    1.009273e-04
1.324103e-03    1.134478e+02    1.137671e-02    1.009326e-04
1.332984e-03    1.134624e+02    1.137745e-02    1.009380e-04
1.341923e-03    1.134361e+02    1.137613e-02    1.009435e-04
1.350923e-03    1.134180e+02    1.137522e-02    1.009490e-04
1.359983e-03    1.134032e+02    1.137448e-02    1.009546e-04
1.369104e-03    1.133569e+02    1.137215e-02    1.009603e-04
1.378286e-03    1.133236e+02    1.137048e-02    1.009661e-04
1.387530e-03    1.133283e+02    1.137072e-02    1.009719e-04
1.396835e-03    1.132907e+02    1.136884e-02    1.009778e-04
1.406203e-03    1.132967e+02    1.136913e-02    1.009839e-04
1.415634e-03    1.132492e+02    1.136675e-02    1.009899e-04
1.425128e-03    1.132519e+02    1.136689e-02    1.009961e-04
1.434686e-03    1.132328e+02    1.136593e-02    1.010023e-04
1.444307e-03    1.131975e+02    1.136416e-02    1.010087e-04
1.453994e-03    1.131709e+02    1.136282e-02    1.010151e-04
1.463745e-03    1.131493e+02    1.136173e-02    1.010216e-04
1.473562e-03    1.131368e+02    1.136111e-02    1.010282e-04
1.483444e-03    1.130814e+02    1.135833e-02    1.010348e-04
1.493393e-03    1.130658e+02    1.135754e-02    1.010416e-04
1.503409e-03    1.130543e+02    1.135696e-02    1.010485e-04
1.513491e-03    1.130471e+02    1.135661e-02    1.010554e-04
1.523642e-03    1.130043e+02    1.135446e-02    1.010624e-04
1.533860e-03    1.129777e+02    1.135312e-02    1.010696e-04
1.544147e-03    1.129338e+02    1.135091e-02    1.010768e-04
1.554503e-03    1.129439e+02    1.135142e-02    1.010841e-04
1.564928e-03    1.128855e+02    1.134849e-02    1.010916e-04
1.575424e-03    1.128627e+02    1.134734e-02    1.010991e-04
1.585989e-03    1.128220e+02    1.134529e-02    1.011067e-04
1.596626e-03    1.128119e+02    1.134479e-02    1.011144e-04
1.607334e-03    1.127752e+02    1.134294e-02    1.011223e-04
1.618114e-03    1.127496e+02    1.134165e-02    1.011302e-04
1.628966e-03    1.127258e+02    1.134046e-02    1.011382e-04
1.639890e-03    1.127024e+02    1.133928e-02    1.011464e-04
1.650888e-03    1.126680e+02    1.133755e-02    1.011546e-04
1.661960e-03    1.126612e+02    1.133720e-02    1.011630e-04
1.673106e-03    1.126220e+02    1.133523e-02    1.011715e-04
1.684327e-03    1.125875e+02    1.133349e-02    1.011801e-04
1.695623e-03    1.125491e+02    1.133156e-02    1.011888e-04
1.706995e-03    1.125099e+02    1.132959e-02    1.011976e-04
1.718443e-03    1.124762e+02    1.132789e-02    1.012066e-04
1.729968e-03    1.124788e+02    1.132802e-02    1.012156e-04
1.741570e-03    1.124279e+02    1.132546e-02    1.012248e-04
1.753250e-03    1.123837e+02    1.132323e-02    1.012341e-04
1.765008e-03    1.123534e+02    1.132171e-02    1.012435e-04
1.776845e-03    1.123291e+02    1.132048e-02    1.012531e-04
1.788762e-03    1.122943e+02    1.131873e-02    1.012628e-04
1.800758e-03    1.122391e+02    1.131595e-02    1.012726e-04
1.812835e-03    1.122193e+02    1.131495e-02    1.012825e-04
1.824993e-03    1.121793e+02    1.131293e-02    1.012926e-04
1.837233e-03    1.121553e+02    1.131172e-02    1.013028e-04
1.849554e-03    1.121151e+02    1.130970e-02    1.013132e-04
1.861958e-03    1.120708e+02    1.130746e-02    1.013236e-04
1.874446e-03    1.120438e+02    1.130609e-02    1.013343e-04
1.887017e-03    1.120083e+02    1.130430e-02    1.013450e-04
1.899672e-03    1.119747e+02    1.130261e-02    1.013560e-04
1.912413e-03    1.119101e+02    1.129935e-02    1.013670e-04
1.925238e-03    1.118545e+02    1.129654e-02    1.013782e-04
1.938150e-03    1.118430e+02    1.129596e-02    1.013896e-04
1.951148e-03    1.118073e+02    1.129416e-02    1.014011e-04
1.964234e-03    1.117511e+02    1.129132e-02    1.014127e-04
1.977407e-03    1.117179e+02    1.128964e-02    1.014245e-04
1.990669e-03    1.116827e+02    1.128787e-02    1.014365e-04
2.004019e-03    1.116425e+02    1.128583e-02    1.014487e-04
2.017459e-03    1.116000e+02    1.128368e-02    1.014610e-04
2.030990e-03    1.115363e+02    1.128046e-02    1.014734e-04
2.044611e-03    1.114809e+02    1.127766e-02    1.014860e-04
2.058323e-03    1.114399e+02    1.127559e-02    1.014988e-04
2.072127e-03    1.113887e+02    1.127299e-02    1.015118e-04
2.086024e-03    1.113336e+02    1.127021e-02    1.015249e-04
2.100014e-03    1.113092e+02    1.126897e-02    1.015382e-04
2.114098e-03    1.112463e+02    1.126579e-02    1.015517e-04
2.128276e-03    1.112132e+02    1.126411e-02    1.015654e-04
2.142550e-03    1.111541e+02    1.126112e-02    1.015792e-04
2.156919e-03    1.111191e+02    1.125935e-02    1.015933e-04
2.171385e-03    1.110616e+02    1.125643e-02    1.016075e-04
2.185947e-03    1.110112e+02    1.125388e-02    1.016219e-04
2.200607e-03    1.109433e+02    1.125044e-02    1.016365e-04
2.215366e-03    1.109057e+02    1.124853e-02    1.016513e-04
2.230223e-03    1.108626e+02    1.124634e-02    1.016663e-04
2.245180e-03    1.108139e+02    1.124387e-02    1.016815e-04
2.260238e-03    1.107404e+02    1.124015e-02    1.016969e-04
2.275396e-03    1.106825e+02    1.123720e-02    1.017125e-04
2.290656e-03    1.106134e+02    1.123369e-02    1.017283e-04
2.306019e-03    1.105793e+02    1.123196e-02    1.017443e-04
2.321484e-03    1.105215e+02    1.122903e-02    1.017605e-04
2.337054e-03    1.104530e+02    1.122555e-02    1.017770e-04
2.352727e-03    1.103855e+02    1.122211e-02    1.017936e-04
2.368506e-03    1.103359e+02    1.121960e-02    1.018105e-04
2.384390e-03    1.102830e+02    1.121690e-02    1.018276e-04
2.400382e-03    1.102034e+02    1.121286e-02    1.018450e-04
2.416480e-03    1.101647e+02    1.121089e-02    1.018625e-04
2.432686e-03    1.100821e+02    1.120668e-02    1.018803e-04
2.449001e-03    1.100234e+02    1.120369e-02    1.018984e-04
2.465426e-03    1.099637e+02    1.120066e-02    1.019167e-04
2.481960e-03    1.098825e+02    1.119652e-02    1.019352e-04
2.498606e-03    1.098416e+02    1.119443e-02    1.019540e-04
2.515363e-03    1.097560e+02    1.119007e-02    1.019730e-04
2.532232e-03    1.097141e+02    1.118794e-02    1.019922e-04
2.549215e-03    1.096174e+02    1.118300e-02    1.020118e-04
2.566311e-03    1.095710e+02    1.118064e-02    1.020315e-04
2.583522e-03    1.094953e+02    1.117678e-02    1.020516e-04
2.600849e-03    1.094214e+02    1.117301e-02    1.020719e-04
2.618292e-03    1.093500e+02    1.116936e-02    1.020925e-04
2.635851e-03    1.092944e+02    1.116651e-02    1.021133e-04
2.653529e-03    1.092045e+02    1.116192e-02    1.021345e-04
2.671325e-03    1.091388e+02    1.115857e-02    1.021559e-04
2.689240e-03    1.090458e+02    1.115381e-02    1.021776e-04
2.707276e-03    1.089729e+02    1.115008e-02    1.021995e-04
2.725433e-03    1.088963e+02    1.114617e-02    1.022218e-04
2.743711e-03    1.088092e+02    1.114171e-02    1.022444e-04
2.762112e-03    1.087316e+02    1.113773e-02    1.022672e-04
2.780636e-03    1.086731e+02    1.113474e-02    1.022904e-04
2.799285e-03    1.085852e+02    1.113023e-02    1.023139e-04
2.818058e-03    1.084737e+02    1.112451e-02    1.023376e-04
2.836958e-03    1.084010e+02    1.112079e-02    1.023617e-04
2.855984e-03    1.083238e+02    1.111682e-02    1.023862e-04
2.875138e-03    1.082466e+02    1.111286e-02    1.024109e-04
2.894420e-03    1.081304e+02    1.110690e-02    1.024360e-04
2.913832e-03    1.080490e+02    1.110271e-02    1.024614e-04
2.933374e-03    1.079389e+02    1.109705e-02    1.024871e-04
2.953046e-03    1.078774e+02    1.109389e-02    1.025132e-04
2.972851e-03    1.077820e+02    1.108899e-02    1.025396e-04
2.992789e-03    1.076730e+02    1.108338e-02    1.025663e-04
3.012860e-03    1.075836e+02    1.107878e-02    1.025935e-04
3.033066e-03    1.075113e+02    1.107505e-02    1.026209e-04
3.053408e-03    1.073867e+02    1.106863e-02    1.026488e-04
3.073886e-03    1.073077e+02    1.106456e-02    1.026770e-04
3.094501e-03    1.072187e+02    1.105997e-02    1.027056e-04
3.115254e-03    1.070984e+02    1.105377e-02    1.027345e-04
3.136147e-03    1.069986e+02    1.104861e-02    1.027638e-04
3.157180e-03    1.068933e+02    1.104318e-02    1.027936e-04
3.178354e-03    1.067981e+02    1.103826e-02    1.028237e-04
3.199669e-03    1.067051e+02    1.103345e-02    1.028542e-04
3.221128e-03    1.065661e+02    1.102626e-02    1.028851e-04
3.242731e-03    1.064808e+02    1.102185e-02    1.029164e-04
3.264479e-03    1.063438e+02    1.101475e-02    1.029481e-04
3.286372e-03    1.062437e+02    1.100957e-02    1.029803e-04
3.308412e-03    1.061319e+02    1.100377e-02    1.030128e-04
3.330600e-03    1.060028e+02    1.099708e-02    1.030458e-04
3.352937e-03    1.059083e+02    1.099218e-02    1.030793e-04
3.375424e-03    1.057798e+02    1.098551e-02    1.031131e-04
3.398061e-03    1.056910e+02    1.098090e-02    1.031474e-04
3.420851e-03    1.055516e+02    1.097365e-02    1.031822e-04
3.443793e-03    1.054178e+02    1.096669e-02    1.032174e-04
3.466889e-03    1.053013e+02    1.096063e-02    1.032531e-04
3.490140e-03    1.051790e+02    1.095426e-02    1.032892e-04
3.513547e-03    1.050608e+02    1.094811e-02    1.033259e-04
3.537111e-03    1.048889e+02    1.093915e-02    1.033630e-04
3.560833e-03    1.048199e+02    1.093555e-02    1.034005e-04
3.584714e-03    1.046846e+02    1.092849e-02    1.034386e-04
3.608755e-03    1.045343e+02    1.092064e-02    1.034772e-04
3.632957e-03    1.043998e+02    1.091362e-02    1.035163e-04
3.657322e-03    1.042432e+02    1.090543e-02    1.035559e-04
3.681850e-03    1.041189e+02    1.089893e-02    1.035960e-04
3.706542e-03    1.039924e+02    1.089230e-02    1.036366e-04
3.731401e-03    1.038448e+02    1.088457e-02    1.036778e-04
3.756425e-03    1.037095e+02    1.087747e-02    1.037195e-04
3.781618e-03    1.035658e+02    1.086994e-02    1.037617e-04
3.806980e-03    1.034219e+02    1.086238e-02    1.038045e-04
3.832512e-03    1.032610e+02    1.085393e-02    1.038478e-04
3.858215e-03    1.031158e+02    1.084630e-02    1.038918e-04
3.884090e-03    1.029503e+02    1.083759e-02    1.039362e-04
3.910139e-03    1.028150e+02    1.083047e-02    1.039813e-04
3.936363e-03    1.026623e+02    1.082242e-02    1.040270e-04
3.962762e-03    1.024895e+02    1.081331e-02    1.040732e-04
3.989339e-03    1.023522e+02    1.080606e-02    1.041201e-04
4.016093e-03    1.021758e+02    1.079674e-02    1.041675e-04
4.043028e-03    1.020201e+02    1.078852e-02    1.042156e-04
4.070142e-03    1.018616e+02    1.078013e-02    1.042643e-04
4.097439e-03    1.016893e+02    1.077101e-02    1.043136e-04
4.124919e-03    1.015393e+02    1.076306e-02    1.043636e-04
4.152583e-03    1.013566e+02    1.075337e-02    1.044142e-04
4.180433e-03    1.011825e+02    1.074414e-02    1.044655e-04
4.208469e-03    1.009722e+02    1.073297e-02    1.045174e-04
4.236693e-03    1.008325e+02    1.072554e-02    1.045701e-04
4.265107e-03    1.006558e+02    1.071613e-02    1.046234e-04
4.293711e-03    1.004518e+02    1.070527e-02    1.046773e-04
4.322507e-03    1.002815e+02    1.069619e-02    1.047320e-04
4.351497e-03    1.000783e+02    1.068535e-02    1.047874e-04
4.380680e-03    9.989909e+01    1.067578e-02    1.048435e-04
4.410059e-03    9.970362e+01    1.066533e-02    1.049003e-04
4.439636e-03    9.953036e+01    1.065606e-02    1.049579e-04
4.469411e-03    9.933356e+01    1.064552e-02    1.050162e-04
4.499385e-03    9.914034e+01    1.063516e-02    1.050753e-04
4.529560e-03    9.892560e+01    1.062363e-02    1.051351e-04
4.559938e-03    9.871840e+01    1.061250e-02    1.051957e-04
4.590520e-03    9.852827e+01    1.060228e-02    1.052571e-04
4.621306e-03    9.832378e+01    1.059127e-02    1.053192e-04
4.652300e-03    9.813351e+01    1.058102e-02    1.053822e-04
4.683500e-03    9.790005e+01    1.056843e-02    1.054459e-04
4.714911e-03    9.769640e+01    1.055743e-02    1.055105e-04
4.746532e-03    9.747688e+01    1.054556e-02    1.055759e-04
4.778365e-03    9.724615e+01    1.053307e-02    1.056422e-04
4.810411e-03    9.704672e+01    1.052226e-02    1.057093e-04
4.842672e-03    9.681400e+01    1.050964e-02    1.057772e-04
4.875150e-03    9.658154e+01    1.049701e-02    1.058461e-04
4.907846e-03    9.636603e+01    1.048530e-02    1.059158e-04
4.940760e-03    9.614585e+01    1.047331e-02    1.059864e-04
4.973896e-03    9.590663e+01    1.046027e-02    1.060579e-04
5.007254e-03    9.567043e+01    1.044739e-02    1.061303e-04
5.040835e-03    9.542270e+01    1.043385e-02    1.062037e-04
5.074642e-03    9.517012e+01    1.042003e-02    1.062779e-04
5.108675e-03    9.491950e+01    1.040631e-02    1.063532e-04
5.142937e-03    9.469429e+01    1.039395e-02    1.064294e-04
5.177429e-03    9.442704e+01    1.037927e-02    1.065065e-04
5.212151e-03    9.418386e+01    1.036590e-02    1.065846e-04
5.247107e-03    9.391739e+01    1.035123e-02    1.066638e-04
5.282297e-03    9.367702e+01    1.033797e-02    1.067439e-04
5.317723e-03    9.340849e+01    1.032314e-02    1.068250e-04
5.353387e-03    9.312858e+01    1.030766e-02    1.069072e-04
5.389290e-03    9.287231e+01    1.029347e-02    1.069905e-04
5.425433e-03    9.262189e+01    1.027959e-02    1.070747e-04
5.461819e-03    9.233970e+01    1.026391e-02    1.071601e-04
5.498449e-03    9.206011e+01    1.024836e-02    1.072465e-04
5.535325e-03    9.177645e+01    1.023256e-02    1.073340e-04
5.572448e-03    9.148944e+01    1.021655e-02    1.074226e-04
5.609820e-03    9.121503e+01    1.020122e-02    1.075124e-04
5.647443e-03    9.092012e+01    1.018471e-02    1.076032e-04
5.685318e-03    9.063092e+01    1.016850e-02    1.076952e-04
5.723447e-03    9.034679e+01    1.015255e-02    1.077884e-04
5.761832e-03    9.004497e+01    1.013558e-02    1.078828e-04
5.800474e-03    8.974641e+01    1.011876e-02    1.079783e-04
5.839375e-03    8.944279e+01    1.010163e-02    1.080750e-04
5.878537e-03    8.912171e+01    1.008348e-02    1.081729e-04
5.917962e-03    8.883322e+01    1.006715e-02    1.082721e-04
5.957651e-03    8.851620e+01    1.004917e-02    1.083725e-04
5.997607e-03    8.819811e+01    1.003110e-02    1.084742e-04
6.037830e-03    8.785717e+01    1.001169e-02    1.085771e-04
6.078323e-03    8.753699e+01    9.993430e-03    1.086813e-04
6.119088e-03    8.721745e+01    9.975174e-03    1.087869e-04
6.160126e-03    8.689871e+01    9.956930e-03    1.088937e-04
6.201439e-03    8.656633e+01    9.937869e-03    1.090019e-04
6.243030e-03    8.623385e+01    9.918766e-03    1.091114e-04
6.284899e-03    8.588260e+01    9.898545e-03    1.092223e-04
6.327049e-03    8.554512e+01    9.879078e-03    1.093345e-04
6.369482e-03    8.518687e+01    9.858370e-03    1.094482e-04
6.412199e-03    8.482639e+01    9.837489e-03    1.095633e-04
6.455203e-03    8.447350e+01    9.817006e-03    1.096797e-04
6.498495e-03    8.412357e+01    9.796650e-03    1.097977e-04
6.542078e-03    8.378300e+01    9.776800e-03    1.099171e-04
6.585953e-03    8.341624e+01    9.755379e-03    1.100379e-04
6.630122e-03    8.303619e+01    9.733128e-03    1.101603e-04
6.674587e-03    8.265585e+01    9.710813e-03    1.102841e-04
6.719351e-03    8.230220e+01    9.690017e-03    1.104095e-04
6.764415e-03    8.190568e+01    9.666645e-03    1.105364e-04
6.809781e-03    8.152863e+01    9.644371e-03    1.106649e-04
6.855451e-03    8.115775e+01    9.622409e-03    1.107950e-04
6.901428e-03    8.075261e+01    9.598361e-03    1.109266e-04
6.947713e-03    8.037097e+01    9.575653e-03    1.110599e-04
6.994308e-03    7.995866e+01    9.551059e-03    1.111948e-04
7.041216e-03    7.954427e+01    9.526278e-03    1.113314e-04
7.088438e-03    7.916240e+01    9.503383e-03    1.114696e-04
7.135977e-03    7.875234e+01    9.478738e-03    1.116095e-04
7.183835e-03    7.837086e+01    9.455753e-03    1.117511e-04
7.232014e-03    7.794018e+01    9.429734e-03    1.118944e-04
7.280516e-03    7.750424e+01    9.403327e-03    1.120395e-04
7.329343e-03    7.708679e+01    9.377968e-03    1.121863e-04
7.378498e-03    7.664867e+01    9.351281e-03    1.123349e-04
7.427982e-03    7.622894e+01    9.325642e-03    1.124853e-04
7.477799e-03    7.582014e+01    9.300603e-03    1.126376e-04
7.527949e-03    7.536211e+01    9.272467e-03    1.127916e-04
7.578436e-03    7.492487e+01    9.245530e-03    1.129476e-04
7.629261e-03    7.447789e+01    9.217910e-03    1.131054e-04
7.680427e-03    7.402961e+01    9.190127e-03    1.132651e-04
7.731937e-03    7.358492e+01    9.162483e-03    1.134267e-04
7.783791e-03    7.313689e+01    9.134547e-03    1.135903e-04
7.835994e-03    7.265119e+01    9.104166e-03    1.137558e-04
7.888547e-03    7.221129e+01    9.076561e-03    1.139233e-04
7.941452e-03    7.173714e+01    9.046714e-03    1.140929e-04
7.994712e-03    7.128344e+01    9.018060e-03    1.142644e-04
8.048329e-03    7.080035e+01    8.987451e-03    1.144380e-04
8.102305e-03    7.032544e+01    8.957257e-03    1.146136e-04
8.156644e-03    6.983205e+01    8.925780e-03    1.147914e-04
8.211347e-03    6.934837e+01    8.894815e-03    1.149712e-04
8.266417e-03    6.884870e+01    8.862712e-03    1.151532e-04
8.321856e-03    6.837476e+01    8.832155e-03    1.153374e-04
8.377668e-03    6.787949e+01    8.800109e-03    1.155237e-04
8.433853e-03    6.736657e+01    8.766798e-03    1.157122e-04
8.490415e-03    6.687186e+01    8.734548e-03    1.159030e-04
8.547357e-03    6.636569e+01    8.701430e-03    1.160960e-04
8.604680e-03    6.585829e+01    8.668102e-03    1.162912e-04
8.662388e-03    6.535995e+01    8.635244e-03    1.164888e-04
8.720483e-03    6.483967e+01    8.600806e-03    1.166887e-04
8.778968e-03    6.431129e+01    8.565691e-03    1.168909e-04
8.837844e-03    6.377321e+01    8.529782e-03    1.170955e-04
8.897116e-03    6.325377e+01    8.494973e-03    1.173025e-04
8.956785e-03    6.274133e+01    8.460493e-03    1.175119e-04
9.016854e-03    6.219962e+01    8.423889e-03    1.177237e-04
9.077327e-03    6.165950e+01    8.387235e-03    1.179380e-04
9.138204e-03    6.111956e+01    8.350431e-03    1.181548e-04
9.199490e-03    6.057602e+01    8.313217e-03    1.183740e-04
9.261187e-03    6.004590e+01    8.276762e-03    1.185959e-04
9.323298e-03    5.950346e+01    8.239292e-03    1.188203e-04
9.385825e-03    5.893694e+01    8.199976e-03    1.190472e-04
9.448772e-03    5.837113e+01    8.160520e-03    1.192768e-04
9.512141e-03    5.779733e+01    8.120311e-03    1.195091e-04
9.575935e-03    5.726053e+01    8.082515e-03    1.197440e-04
9.640156e-03    5.668042e+01    8.041468e-03    1.199816e-04
9.704809e-03    5.611909e+01    8.001549e-03    1.202219e-04
9.769895e-03    5.553719e+01    7.959957e-03    1.204649e-04
9.835417e-03    5.496999e+01    7.919205e-03    1.207107e-04
9.901379e-03    5.440261e+01    7.878231e-03    1.209594e-04
9.967784e-03    5.381247e+01    7.835384e-03    1.212108e-04
1.003463e-02    5.324047e+01    7.793629e-03    1.214651e-04
1.010193e-02    5.266455e+01    7.751361e-03    1.217223e-04
1.016968e-02    5.207806e+01    7.708079e-03    1.219824e-04
1.023788e-02    5.149011e+01    7.664445e-03    1.222454e-04
1.030655e-02    5.088594e+01    7.619346e-03    1.225114e-04
1.037567e-02    5.029070e+01    7.574651e-03    1.227804e-04
1.044525e-02    4.971102e+01    7.530869e-03    1.230524e-04
1.051530e-02    4.911552e+01    7.485628e-03    1.233275e-04
1.058583e-02    4.850993e+01    7.439335e-03    1.236056e-04
1.065682e-02    4.791405e+01    7.393503e-03    1.238868e-04
1.072829e-02    4.732238e+01    7.347710e-03    1.241712e-04
1.080024e-02    4.671643e+01    7.300517e-03    1.244587e-04
1.087267e-02    4.611574e+01    7.253429e-03    1.247495e-04
1.094559e-02    4.549554e+01    7.204489e-03    1.250434e-04
1.101900e-02    4.490012e+01    7.157189e-03    1.253406e-04
1.109290e-02    4.428236e+01    7.107783e-03    1.256411e-04
1.116729e-02    4.369254e+01    7.060288e-03    1.259449e-04
1.124219e-02    4.306507e+01    7.009408e-03    1.262521e-04
1.131758e-02    4.244584e+01    6.958832e-03    1.265626e-04
1.139349e-02    4.185090e+01    6.909891e-03    1.268765e-04
1.146990e-02    4.123074e+01    6.858503e-03    1.271938e-04
1.154682e-02    4.062902e+01    6.808273e-03    1.275146e-04
1.162426e-02    3.999291e+01    6.754766e-03    1.278390e-04
1.170222e-02    3.939059e+01    6.703707e-03    1.281668e-04
1.178070e-02    3.876723e+01    6.650452e-03    1.284982e-04
1.185971e-02    3.815255e+01    6.597518e-03    1.288332e-04
1.193925e-02    3.753213e+01    6.543655e-03    1.291718e-04
1.201932e-02    3.691879e+01    6.489966e-03    1.295141e-04
1.209993e-02    3.629765e+01    6.435141e-03    1.298600e-04
1.218108e-02    3.569799e+01    6.381764e-03    1.302097e-04
1.226277e-02    3.508001e+01    6.326284e-03    1.305631e-04
1.234501e-02    3.446624e+01    6.270696e-03    1.309203e-04
1.242780e-02    3.385127e+01    6.214501e-03    1.312813e-04
1.251115e-02    3.324118e+01    6.158245e-03    1.316462e-04
1.259506e-02    3.264662e+01    6.102924e-03    1.320149e-04
1.267953e-02    3.202536e+01    6.044575e-03    1.323876e-04
1.276456e-02    3.140991e+01    5.986213e-03    1.327642e-04
1.285017e-02    3.082003e+01    5.929735e-03    1.331448e-04
1.293635e-02    3.020806e+01    5.870569e-03    1.335294e-04
1.302311e-02    2.960330e+01    5.811507e-03    1.339181e-04
1.311045e-02    2.900384e+01    5.752366e-03    1.343108e-04
1.319838e-02    2.840747e+01    5.692920e-03    1.347077e-04
1.328689e-02    2.779834e+01    5.631554e-03    1.351087e-04
1.337600e-02    2.721236e+01    5.571881e-03    1.355139e-04
1.346571e-02    2.661895e+01    5.510795e-03    1.359233e-04
1.355602e-02    2.602374e+01    5.448835e-03    1.363370e-04
1.364693e-02    2.543782e+01    5.387146e-03    1.367549e-04
1.373846e-02    2.486738e+01    5.326400e-03    1.371772e-04
1.383059e-02    2.428710e+01    5.263887e-03    1.376039e-04
1.392335e-02    2.371675e+01    5.201714e-03    1.380349e-04
1.401673e-02    2.313210e+01    5.137199e-03    1.384704e-04
1.411073e-02    2.257933e+01    5.075447e-03    1.389104e-04
1.420537e-02    2.200801e+01    5.010824e-03    1.393548e-04
1.430064e-02    2.144734e+01    4.946585e-03    1.398038e-04
1.439654e-02    2.089082e+01    4.881986e-03    1.402574e-04
1.449310e-02    2.034170e+01    4.817396e-03    1.407155e-04
1.459029e-02    1.978949e+01    4.751558e-03    1.411784e-04
1.468815e-02    1.925196e+01    4.686583e-03    1.416459e-04
1.478665e-02    1.871518e+01    4.620785e-03    1.421181e-04
1.488582e-02    1.818225e+01    4.554519e-03    1.425951e-04
1.498565e-02    1.765879e+01    4.488480e-03    1.430769e-04
1.508616e-02    1.713573e+01    4.421505e-03    1.435635e-04
1.518733e-02    1.662086e+01    4.354572e-03    1.440550e-04
1.528919e-02    1.610765e+01    4.286817e-03    1.445514e-04
1.539172e-02    1.560511e+01    4.219415e-03    1.450528e-04
1.549495e-02    1.510746e+01    4.151591e-03    1.455591e-04
1.559887e-02    1.461722e+01    4.083675e-03    1.460705e-04
1.570348e-02    1.414070e+01    4.016560e-03    1.465869e-04
1.580880e-02    1.366379e+01    3.948247e-03    1.471084e-04
1.591482e-02    1.318351e+01    3.878237e-03    1.476351e-04
1.602156e-02    1.271831e+01    3.809198e-03    1.481669e-04
1.612901e-02    1.226658e+01    3.740938e-03    1.487040e-04
1.623718e-02    1.181724e+01    3.671782e-03    1.492463e-04
1.634607e-02    1.137656e+01    3.602668e-03    1.497940e-04
1.645570e-02    1.093406e+01    3.531909e-03    1.503469e-04
1.656606e-02    1.051226e+01    3.463114e-03    1.509052e-04
1.667716e-02    1.008660e+01    3.392277e-03    1.514690e-04
1.678901e-02    9.682524e+00    3.323633e-03    1.520381e-04
1.690160e-02    9.277115e+00    3.253309e-03    1.526128e-04
1.701496e-02    8.879839e+00    3.182888e-03    1.531930e-04
1.712907e-02    8.489288e+00    3.112106e-03    1.537788e-04
1.724395e-02    8.110863e+00    3.041952e-03    1.543703e-04
1.735959e-02    7.744713e+00    2.972497e-03    1.549673e-04
1.747602e-02    7.384069e+00    2.902463e-03    1.555701e-04
1.759322e-02    7.025366e+00    2.831087e-03    1.561786e-04
1.771121e-02    6.685714e+00    2.761803e-03    1.567929e-04
1.782999e-02    6.343928e+00    2.690282e-03    1.574130e-04
1.794957e-02    6.018059e+00    2.620276e-03    1.580389e-04
1.806995e-02    5.699303e+00    2.549938e-03    1.586708e-04
1.819114e-02    5.387656e+00    2.479241e-03    1.593086e-04
1.831314e-02    5.090279e+00    2.409847e-03    1.599524e-04
1.843596e-02    4.796984e+00    2.339392e-03    1.606023e-04
1.855960e-02    4.511247e+00    2.268648e-03    1.612582e-04
1.868407e-02    4.240060e+00    2.199403e-03    1.619202e-04
1.880938e-02    3.978746e+00    2.130551e-03    1.625884e-04
1.893552e-02    3.722932e+00    2.060921e-03    1.632628e-04
1.906251e-02    3.476379e+00    1.991509e-03    1.639434e-04
1.919036e-02    3.242541e+00    1.923364e-03    1.646304e-04
1.931906e-02    3.012495e+00    1.853882e-03    1.653236e-04
1.944862e-02    2.794481e+00    1.785539e-03    1.660233e-04
1.957906e-02    2.586786e+00    1.717905e-03    1.667293e-04
1.971037e-02    2.385139e+00    1.649589e-03    1.674418e-04
1.984256e-02    2.193203e+00    1.581824e-03    1.681609e-04
1.997563e-02    2.010689e+00    1.514577e-03    1.688864e-04
2.010960e-02    1.837622e+00    1.447928e-03    1.696186e-04
2.024447e-02    1.672214e+00    1.381226e-03    1.703575e-04
2.038024e-02    1.516333e+00    1.315273e-03    1.711030e-04
2.051692e-02    1.370521e+00    1.250437e-03    1.718552e-04
2.065452e-02    1.229045e+00    1.184139e-03    1.726142e-04
2.079304e-02    1.102237e+00    1.121389e-03    1.733801e-04
2.093249e-02    9.803255e-01    1.057557e-03    1.741528e-04
2.107287e-02    8.645553e-01    9.931508e-04    1.749324e-04
2.121420e-02    7.578527e-01    9.298464e-04    1.757190e-04
2.135647e-02    6.611101e-01    8.684717e-04    1.765126e-04
2.149970e-02    5.703753e-01    8.066760e-04    1.773133e-04
2.164389e-02    4.877076e-01    7.459308e-04    1.781211e-04
2.178905e-02    4.119706e-01    6.855702e-04    1.789360e-04
2.193518e-02    3.434304e-01    6.259478e-04    1.797581e-04
2.208229e-02    2.820548e-01    5.672644e-04    1.805875e-04
2.223038e-02    2.277389e-01    5.097268e-04    1.814241e-04
2.237947e-02    1.791457e-01    4.520869e-04    1.822681e-04
2.252956e-02    1.381986e-01    3.970732e-04    1.831195e-04
2.268066e-02    1.024242e-01    3.418378e-04    1.839784e-04
2.283277e-02    7.240099e-02    2.874028e-04    1.848447e-04
2.298590e-02    4.902562e-02    2.364996e-04    1.857185e-04
2.314005e-02    3.004947e-02    1.851557e-04    1.866000e-04
2.329524e-02    1.703096e-02    1.393922e-04    1.874890e-04
2.345148e-02    8.653527e-03    9.936086e-05    1.883858e-04
2.360875e-02    4.959378e-03    7.521985e-05    1.892903e-04
2.376709e-02    5.788793e-03    8.126673e-05    1.902025e-04
2.392648e-02    1.057134e-02    1.098206e-04    1.911226e-04
2.408695e-02    1.966068e-02    1.497676e-04    1.920506e-04
2.424849e-02    3.210647e-02    1.913881e-04    1.929866e-04
2.441111e-02    4.799770e-02    2.340071e-04    1.939305e-04
2.457483e-02    6.613302e-02    2.746806e-04    1.948824e-04
2.473964e-02    8.896533e-02    3.185878e-04    1.958425e-04
2.490556e-02    1.128632e-01    3.588352e-04    1.968107e-04
2.507259e-02    1.396258e-01    3.991183e-04    1.977871e-04
2.524074e-02    1.684956e-01    4.384430e-04    1.987717e-04
2.541002e-02    1.980956e-01    4.753968e-04    1.997646e-04
2.558043e-02    2.303241e-01    5.126117e-04    2.007659e-04
2.575199e-02    2.631163e-01    5.478890e-04    2.017756e-04
2.592470e-02    2.964195e-01    5.815301e-04    2.027937e-04
2.609856e-02    3.310907e-01    6.145996e-04    2.038204e-04
2.627360e-02    3.677150e-01    6.477008e-04    2.048556e-04
2.644980e-02    4.000553e-01    6.755831e-04    2.058995e-04
2.662719e-02    4.360465e-01    7.053184e-04    2.069520e-04
2.680577e-02    4.724700e-01    7.341857e-04    2.080133e-04
2.698554e-02    5.052930e-01    7.592599e-04    2.090833e-04
2.716652e-02    5.394347e-01    7.844915e-04    2.101622e-04
2.734872e-02    5.748019e-01    8.098002e-04    2.112500e-04
2.753213e-02    6.044908e-01    8.304503e-04    2.123467e-04
2.771678e-02    6.355785e-01    8.515367e-04    2.134525e-04
2.790266e-02    6.628739e-01    8.696294e-04    2.145673e-04
2.808979e-02    6.922365e-01    8.886813e-04    2.156912e-04
2.827818e-02    7.160785e-01    9.038557e-04    2.168244e-04
2.846783e-02    7.412142e-01    9.195824e-04    2.179667e-04
2.865875e-02    7.615857e-01    9.321337e-04    2.191184e-04
2.885095e-02    7.834129e-01    9.453968e-04    2.202794e-04
2.904444e-02    7.994216e-01    9.550074e-04    2.214498e-04
2.923923e-02    8.143671e-01    9.638931e-04    2.226298e-04
2.943533e-02    8.264535e-01    9.710196e-04    2.238192e-04
2.963274e-02    8.359730e-01    9.765959e-04    2.250182e-04
2.983147e-02    8.450760e-01    9.818986e-04    2.262269e-04
3.003154e-02    8.500330e-01    9.847743e-04    2.274453e-04
3.023295e-02    8.526434e-01    9.862852e-04    2.286735e-04
3.043571e-02    8.535379e-01    9.868024e-04    2.299115e-04
3.063983e-02    8.512059e-01    9.854535e-04    2.311594e-04
3.084531e-02    8.450657e-01    9.818927e-04    2.324173e-04
3.105218e-02    8.374138e-01    9.774372e-04    2.336851e-04
3.126043e-02    8.251985e-01    9.702821e-04    2.349631e-04
3.147008e-02    8.154019e-01    9.645053e-04    2.362512e-04
3.168114e-02    8.019224e-01    9.565000e-04    2.375495e-04
3.189361e-02    7.836525e-01    9.455413e-04    2.388581e-04
3.210751e-02    7.676882e-01    9.358607e-04    2.401771e-04
3.232284e-02    7.463722e-01    9.227765e-04    2.415064e-04
3.253962e-02    7.229546e-01    9.081849e-04    2.428462e-04
3.275784e-02    6.990681e-01    8.930557e-04    2.441965e-04
3.297754e-02    6.745439e-01    8.772510e-04    2.455575e-04
3.319870e-02    6.479923e-01    8.598124e-04    2.469290e-04
3.342135e-02    6.208726e-01    8.416277e-04    2.483113e-04
3.364550e-02    5.908049e-01    8.209956e-04    2.497045e-04
3.387114e-02    5.611513e-01    8.001267e-04    2.511085e-04
3.409830e-02    5.312958e-01    7.785509e-04    2.525234e-04
3.432698e-02    5.017243e-01    7.565739e-04    2.539493e-04
3.455720e-02    4.695539e-01    7.319165e-04    2.553863e-04
3.478896e-02    4.381776e-01    7.070398e-04    2.568344e-04
3.502227e-02    4.073455e-01    6.817110e-04    2.582937e-04
3.525715e-02    3.773817e-01    6.561591e-04    2.597643e-04
3.549361e-02    3.470584e-01    6.292454e-04    2.612462e-04
3.573165e-02    3.151595e-01    5.996309e-04    2.627396e-04
3.597129e-02    2.867495e-01    5.719659e-04    2.642444e-04
3.621253e-02    2.586041e-01    5.431710e-04    2.657608e-04
3.645539e-02    2.315129e-01    5.139329e-04    2.672889e-04
3.669988e-02    2.045279e-01    4.830533e-04    2.688286e-04
3.694601e-02    1.790955e-01    4.520236e-04    2.703801e-04
3.719379e-02    1.551223e-01    4.206839e-04    2.719435e-04
3.744324e-02    1.334982e-01    3.902622e-04    2.735187e-04
3.769435e-02    1.133515e-01    3.596105e-04    2.751060e-04
3.794715e-02    9.402054e-02    3.275142e-04    2.767054e-04
3.820165e-02    7.689489e-02    2.961881e-04    2.783169e-04
3.845785e-02    6.107895e-02    2.639761e-04    2.799406e-04
3.871577e-02    4.761551e-02    2.330735e-04    2.815766e-04
3.897542e-02    3.573330e-02    2.019089e-04    2.832250e-04
3.923681e-02    2.565597e-02    1.710854e-04    2.848858e-04
3.949995e-02    1.778508e-02    1.424448e-04    2.865592e-04
3.976486e-02    1.126156e-02    1.133491e-04    2.882452e-04
4.003155e-02    6.558883e-03    8.650350e-05    2.899439e-04
4.030002e-02    3.520736e-03    6.337756e-05    2.916554e-04
4.057030e-02    2.189337e-03    4.997756e-05    2.933796e-04
4.084239e-02    2.366172e-03    5.195675e-05    2.951169e-04
4.111630e-02    4.015876e-03    6.768756e-05    2.968671e-04
4.139205e-02    6.979865e-03    8.923646e-05    2.986304e-04
4.166965e-02    1.116117e-02    1.128427e-04    3.004069e-04
4.194911e-02    1.656549e-02    1.374741e-04    3.021967e-04
4.223044e-02    2.255393e-02    1.604094e-04    3.039997e-04
4.251366e-02    2.979734e-02    1.843773e-04    3.058162e-04
4.279878e-02    3.752334e-02    2.069043e-04    3.076462e-04
4.308582e-02    4.634799e-02    2.299505e-04    3.094898e-04
4.337478e-02    5.499012e-02    2.504731e-04    3.113471e-04
4.366567e-02    6.386725e-02    2.699342e-04    3.132181e-04
4.395852e-02    7.347683e-02    2.895303e-04    3.151030e-04
4.425333e-02    8.233572e-02    3.064876e-04    3.170018e-04
4.455012e-02    9.070288e-02    3.216839e-04    3.189146e-04
4.484890e-02    9.991202e-02    3.376196e-04    3.208415e-04
4.514968e-02    1.079597e-01    3.509536e-04    3.227826e-04
4.545248e-02    1.160919e-01    3.639316e-04    3.247381e-04
4.575731e-02    1.226713e-01    3.741022e-04    3.267078e-04
4.606418e-02    1.284681e-01    3.828392e-04    3.286921e-04
4.637311e-02    1.343402e-01    3.914909e-04    3.306909e-04
4.668412e-02    1.382876e-01    3.972010e-04    3.327044e-04
4.699721e-02    1.415961e-01    4.019245e-04    3.347326e-04
4.731240e-02    1.445567e-01    4.061046e-04    3.367756e-04
4.762970e-02    1.456245e-01    4.076018e-04    3.388335e-04
4.794914e-02    1.457900e-01    4.078332e-04    3.409065e-04
4.827071e-02    1.459565e-01    4.080661e-04    3.429946e-04
4.859444e-02    1.430302e-01    4.039547e-04    3.450979e-04
4.892034e-02    1.407576e-01    4.007326e-04    3.472165e-04
4.924843e-02    1.366767e-01    3.948808e-04    3.493506e-04
4.957872e-02    1.317835e-01    3.877477e-04    3.515001e-04
4.991122e-02    1.260061e-01    3.791530e-04    3.536652e-04
5.024595e-02    1.195624e-01    3.693313e-04    3.558460e-04
5.058293e-02    1.133264e-01    3.595708e-04    3.580426e-04
5.092217e-02    1.054989e-01    3.469307e-04    3.602551e-04
5.126368e-02    9.790408e-02    3.342098e-04    3.624836e-04
5.160749e-02    8.910224e-02    3.188329e-04    3.647282e-04
5.195360e-02    8.128840e-02    3.045321e-04    3.669891e-04
5.230203e-02    7.285392e-02    2.883004e-04    3.692662e-04
5.265279e-02    6.383417e-02    2.698642e-04    3.715597e-04
5.300591e-02    5.589483e-02    2.525251e-04    3.738698e-04
5.336140e-02    4.788931e-02    2.337427e-04    3.761964e-04
5.371927e-02    4.040975e-02    2.147147e-04    3.785398e-04
5.407955e-02    3.333633e-02    1.950193e-04    3.809000e-04
5.444223e-02    2.729312e-02    1.764597e-04    3.832771e-04
5.480735e-02    2.102174e-02    1.548649e-04    3.856713e-04
5.517492e-02    1.573607e-02    1.339883e-04    3.880826e-04
5.554496e-02    1.143954e-02    1.142413e-04    3.905112e-04
5.591747e-02    7.764786e-03    9.412035e-05    3.929572e-04
5.629249e-02    4.987900e-03    7.543583e-05    3.954206e-04
5.667002e-02    2.877283e-03    5.729412e-05    3.979017e-04
5.705008e-02    1.885864e-03    4.638462e-05    4.004004e-04
5.743269e-02    1.479713e-03    4.108730e-05    4.029170e-04
5.781787e-02    2.011360e-03    4.790312e-05    4.054515e-04
5.820563e-02    3.052978e-03    5.901747e-05    4.080040e-04
5.859599e-02    4.618257e-03    7.258682e-05    4.105747e-04
5.898896e-02    7.051741e-03    8.969474e-05    4.131637e-04
5.938458e-02    9.819500e-03    1.058433e-04    4.157710e-04
5.978284e-02    1.298885e-02    1.217318e-04    4.183970e-04
6.018378e-02    1.657804e-02    1.375262e-04    4.210415e-04
6.058741e-02    2.013984e-02    1.515817e-04    4.237047e-04
6.099374e-02    2.366058e-02    1.642977e-04    4.263869e-04
6.140280e-02    2.748935e-02    1.770929e-04    4.290880e-04
6.181460e-02    3.094620e-02    1.878981e-04    4.318082e-04
6.222917e-02    3.391247e-02    1.966974e-04    4.345477e-04
6.264651e-02    3.711490e-02    2.057752e-04    4.373066e-04
6.306666e-02    3.991347e-02    2.133922e-04    4.400849e-04
6.348962e-02    4.119581e-02    2.167930e-04    4.428828e-04
6.391541e-02    4.296872e-02    2.214089e-04    4.457005e-04
6.434407e-02    4.422369e-02    2.246189e-04    4.485380e-04
6.477560e-02    4.458192e-02    2.255268e-04    4.513955e-04
6.521002e-02    4.435375e-02    2.249489e-04    4.542732e-04
6.564735e-02    4.386545e-02    2.237073e-04    4.571710e-04
6.608762e-02    4.213817e-02    2.192586e-04    4.600893e-04
6.653084e-02    4.051357e-02    2.149904e-04    4.630281e-04
6.697704e-02    3.819417e-02    2.087456e-04    4.659875e-04
6.742622e-02    3.570364e-02    2.018250e-04    4.689677e-04
6.787842e-02    3.245900e-02    1.924360e-04    4.719688e-04
6.833365e-02    2.912536e-02    1.822865e-04    4.749909e-04
6.879194e-02    2.607923e-02    1.724909e-04    4.780342e-04
6.925329e-02    2.246951e-02    1.601089e-04    4.810989e-04
6.971775e-02    1.898186e-02    1.471594e-04    4.841849e-04
7.018531e-02    1.564708e-02    1.336089e-04    4.872926e-04
7.065602e-02    1.270477e-02    1.203933e-04    4.904221e-04
7.112988e-02    9.616424e-03    1.047431e-04    4.935733e-04
7.160691e-02    7.250253e-03    9.094846e-05    4.967466e-04
7.208715e-02    5.111115e-03    7.636187e-05    4.999420e-04
7.257061e-02    3.420339e-03    6.246739e-05    5.031598e-04
7.305731e-02    2.289734e-03    5.111063e-05    5.064001e-04
7.354727e-02    1.561856e-03    4.221233e-05    5.096628e-04
7.404052e-02    1.351935e-03    3.927324e-05    5.129484e-04
7.453708e-02    1.526489e-03    4.173166e-05    5.162567e-04
7.503697e-02    2.153970e-03    4.957224e-05    5.195882e-04
7.554021e-02    3.221828e-03    6.062754e-05    5.229428e-04
7.604682e-02    4.450548e-03    7.125668e-05    5.263208e-04
7.655684e-02    5.941671e-03    8.233283e-05    5.297223e-04
7.707027e-02    7.732842e-03    9.392655e-05    5.331473e-04
7.758715e-02    9.647228e-03    1.049108e-04    5.365962e-04
7.810749e-02    1.146806e-02    1.143836e-04    5.400690e-04
7.863133e-02    1.292039e-02    1.214106e-04    5.435659e-04
7.915867e-02    1.443662e-02    1.283369e-04    5.470871e-04
7.968955e-02    1.618672e-02    1.358933e-04    5.506327e-04
8.022400e-02    1.709599e-02    1.396580e-04    5.542028e-04
8.076203e-02    1.796078e-02    1.431467e-04    5.577977e-04
8.130366e-02    1.822660e-02    1.442021e-04    5.614175e-04
8.184893e-02    1.814103e-02    1.438632e-04    5.650623e-04
8.239786e-02    1.814674e-02    1.438858e-04    5.687324e-04
8.295046e-02    1.737094e-02    1.407766e-04    5.724278e-04
8.350678e-02    1.663394e-02    1.377578e-04    5.761489e-04
8.406682e-02    1.503101e-02    1.309522e-04    5.798956e-04
8.463062e-02    1.384564e-02    1.256827e-04    5.836682e-04
8.519820e-02    1.230546e-02    1.184862e-04    5.874668e-04
8.576959e-02    1.044242e-02    1.091489e-04    5.912918e-04
8.634481e-02    8.704866e-03    9.965517e-05    5.951430e-04
8.692389e-02    6.965034e-03    8.914159e-05    5.990208e-04
8.750685e-02    5.527533e-03    7.941169e-05    6.029254e-04
8.809372e-02    3.985072e-03    6.742747e-05    6.068569e-04
8.868453e-02    2.950299e-03    5.801654e-05    6.108155e-04
8.927929e-02    1.953176e-03    4.720516e-05    6.148014e-04
8.987805e-02    1.443205e-03    4.057727e-05    6.188147e-04
9.048083e-02    1.249257e-03    3.775241e-05    6.228557e-04
9.108764e-02    1.231003e-03    3.747558e-05    6.269244e-04
9.169853e-02    1.577828e-03    4.242762e-05    6.310212e-04
9.231351e-02    2.155110e-03    4.958537e-05    6.351461e-04
9.293262e-02    2.897819e-03    5.749822e-05    6.392994e-04
9.355588e-02    3.853871e-03    6.630822e-05    6.434812e-04
9.418332e-02    4.982196e-03    7.539268e-05    6.476918e-04
9.481496e-02    5.923416e-03    8.220627e-05    6.519313e-04
9.545085e-02    6.912554e-03    8.880513e-05    6.561998e-04
9.609099e-02    7.746533e-03    9.400966e-05    6.604978e-04
9.673543e-02    8.538298e-03    9.869712e-05    6.648251e-04
9.738420e-02    8.810967e-03    1.002607e-04    6.691822e-04
9.803731e-02    9.063100e-03    1.016851e-04    6.735692e-04
9.869481e-02    9.000353e-03    1.013325e-04    6.779862e-04
9.935671e-02    9.006057e-03    1.013646e-04    6.824335e-04
1.000231e-01    8.339787e-03    9.754303e-05    6.869113e-04
1.006939e-01    7.821830e-03    9.446544e-05    6.914198e-04
1.013692e-01    6.768804e-03    8.787691e-05    6.959591e-04
1.020490e-01    5.910867e-03    8.211914e-05    7.005295e-04
1.027334e-01    5.133932e-03    7.653213e-05    7.051313e-04
1.034224e-01    3.926887e-03    6.693342e-05    7.097645e-04
1.041160e-01    3.144248e-03    5.989315e-05    7.144294e-04
1.048143e-01    2.455160e-03    5.292474e-05    7.191262e-04
1.055172e-01    1.772918e-03    4.497416e-05    7.238551e-04
1.062249e-01    1.411261e-03    4.012568e-05    7.286164e-04
1.069373e-01    1.110070e-03    3.558721e-05    7.334102e-04
1.076545e-01    1.203622e-03    3.705645e-05    7.382367e-04
1.083765e-01    1.349654e-03    3.924009e-05    7.430962e-04
1.091033e-01    1.746678e-03    4.464010e-05    7.479889e-04
1.098350e-01    2.347918e-03    5.175595e-05    7.529150e-04
1.105716e-01    2.837353e-03    5.689518e-05    7.578748e-04
1.113132e-01    3.427185e-03    6.252987e-05    7.628684e-04
1.120597e-01    4.042116e-03    6.790835e-05    7.678961e-04
1.128112e-01    4.622820e-03    7.262269e-05    7.729580e-04
1.135678e-01    5.076888e-03    7.610577e-05    7.780545e-04
1.143295e-01    5.362106e-03    7.821437e-05    7.831858e-04
1.150962e-01    5.326740e-03    7.795599e-05    7.883520e-04
1.158681e-01    5.248019e-03    7.737782e-05    7.935534e-04
1.166452e-01    4.930856e-03    7.500323e-05    7.987904e-04
1.174275e-01    4.623961e-03    7.263164e-05    8.040629e-04
1.182150e-01    4.023862e-03    6.775483e-05    8.093714e-04
1.190078e-01    3.445439e-03    6.269617e-05    8.147160e-04
1.198060e-01    2.878424e-03    5.730548e-05    8.200970e-04
1.206095e-01    2.315974e-03    5.140266e-05    8.255147e-04
1.214183e-01    1.673662e-03    4.369711e-05    8.309692e-04
1.222326e-01    1.452332e-03    4.070538e-05    8.364610e-04
1.230524e-01    1.151142e-03    3.623958e-05    8.419899e-04
1.238777e-01    1.050745e-03    3.462322e-05    8.475566e-04
1.247085e-01    1.220735e-03    3.731895e-05    8.531610e-04
1.255448e-01    1.399852e-03    3.996316e-05    8.588037e-04
1.263868e-01    1.693057e-03    4.394956e-05    8.644846e-04
1.272344e-01    2.140279e-03    4.941445e-05    8.702042e-04
1.280877e-01    2.508781e-03    5.349956e-05    8.759626e-04
1.289468e-01    2.914933e-03    5.766775e-05    8.817602e-04
1.298115e-01    3.330210e-03    6.163886e-05    8.875972e-04
1.306821e-01    3.534427e-03    6.350067e-05    8.934738e-04
1.315586e-01    3.524159e-03    6.340836e-05    8.993903e-04
1.324409e-01    3.554963e-03    6.368488e-05    9.053471e-04
1.333291e-01    3.178474e-03    6.021825e-05    9.113443e-04
1.342233e-01    2.979962e-03    5.830747e-05    9.173821e-04
1.351235e-01    2.611460e-03    5.458338e-05    9.234609e-04
1.360297e-01    2.205309e-03    5.015954e-05    9.295810e-04
1.369420e-01    1.824257e-03    4.562069e-05    9.357426e-04
1.378604e-01    1.512799e-03    4.154410e-05    9.419461e-04
1.387849e-01    1.273215e-03    3.811270e-05    9.481916e-04
1.397157e-01    1.130606e-03    3.591488e-05    9.544794e-04
1.406527e-01    1.062153e-03    3.481067e-05    9.608099e-04
1.415960e-01    1.143156e-03    3.611365e-05    9.671833e-04
1.425456e-01    1.340527e-03    3.910718e-05    9.736001e-04
1.435016e-01    1.564138e-03    4.224315e-05    9.800602e-04
1.444640e-01    1.920091e-03    4.680364e-05    9.865641e-04
1.454329e-01    2.069545e-03    4.859105e-05    9.931120e-04
1.464083e-01    2.452879e-03    5.290014e-05    9.997044e-04
1.473902e-01    2.499654e-03    5.340215e-05    1.006341e-03
1.483786e-01    2.550994e-03    5.394777e-05    1.013023e-03
1.493737e-01    2.388990e-03    5.220666e-05    1.019751e-03
1.503755e-01    2.295438e-03    5.117426e-05    1.026523e-03
1.513840e-01    2.274902e-03    5.094483e-05    1.033342e-03
1.523993e-01    1.836807e-03    4.577733e-05    1.040207e-03
1.534214e-01    1.599505e-03    4.271807e-05    1.047118e-03
1.544503e-01    1.361062e-03    3.940559e-05    1.054076e-03
1.554861e-01    1.172818e-03    3.657919e-05    1.061081e-03
1.565289e-01    1.173959e-03    3.659698e-05    1.068134e-03
1.575787e-01    1.100943e-03    3.544061e-05    1.075234e-03
1.586355e-01    1.201340e-03    3.702131e-05    1.082383e-03
1.596994e-01    1.330259e-03    3.895712e-05    1.089579e-03
1.607704e-01    1.501390e-03    4.138715e-05    1.096824e-03
1.618487e-01    1.778622e-03    4.504645e-05    1.104119e-03
1.629341e-01    1.879019e-03    4.630036e-05    1.111462e-03
1.640268e-01    1.988543e-03    4.763063e-05    1.118856e-03
1.651269e-01    1.889287e-03    4.642670e-05    1.126299e-03
1.662343e-01    1.973712e-03    4.745267e-05    1.133793e-03
1.673492e-01    1.742114e-03    4.458175e-05    1.141337e-03
1.684715e-01    1.690775e-03    4.391994e-05    1.148932e-03
1.696014e-01    1.436360e-03    4.048093e-05    1.156579e-03
1.707388e-01    1.233284e-03    3.751029e-05    1.164277e-03
1.718839e-01    1.145437e-03    3.614968e-05    1.172027e-03
1.730367e-01    1.005110e-03    3.386301e-05    1.179830e-03
1.741971e-01    1.046181e-03    3.454795e-05    1.187685e-03
1.753654e-01    1.185368e-03    3.677438e-05    1.195594e-03
1.765415e-01    1.298314e-03    3.848653e-05    1.203556e-03
1.777255e-01    1.450051e-03    4.067339e-05    1.211571e-03
1.789174e-01    1.568701e-03    4.230473e-05    1.219641e-03
1.801174e-01    1.693057e-03    4.394956e-05    1.227765e-03
1.813253e-01    1.714733e-03    4.423001e-05    1.235944e-03
1.825414e-01    1.631449e-03    4.314253e-05    1.244179e-03
1.837656e-01    1.570983e-03    4.233549e-05    1.252468e-03
1.849981e-01    1.475150e-03    4.102389e-05    1.260814e-03
1.862388e-01    1.290328e-03    3.836798e-05    1.269216e-03
1.874878e-01    1.142015e-03    3.609563e-05    1.277675e-03
1.887452e-01    1.092957e-03    3.531184e-05    1.286191e-03
1.900110e-01    9.697427e-04    3.326190e-05    1.294765e-03
1.912853e-01    1.062153e-03    3.481067e-05    1.303396e-03
1.925682e-01    1.185368e-03    3.677438e-05    1.312085e-03
1.938597e-01    1.292610e-03    3.840188e-05    1.320833e-03
1.951598e-01    1.326836e-03    3.890697e-05    1.329641e-03
1.964687e-01    1.438642e-03    4.051307e-05    1.338507e-03
1.977863e-01    1.517362e-03    4.160671e-05    1.347433e-03
1.991128e-01    1.487699e-03    4.119802e-05    1.356420e-03
2.004481e-01    1.389584e-03    3.981633e-05    1.365467e-03
2.017924e-01    1.309723e-03    3.865525e-05    1.374575e-03
2.031458e-01    1.242411e-03    3.764883e-05    1.383745e-03
2.045082e-01    1.139733e-03    3.605955e-05    1.392976e-03
2.058797e-01    1.030209e-03    3.428321e-05    1.402270e-03
2.072605e-01    1.105507e-03    3.551399e-05    1.411626e-03
2.086505e-01    1.094098e-03    3.533026e-05    1.421045e-03
2.100498e-01    1.199058e-03    3.698613e-05    1.430528e-03
2.114585e-01    1.202481e-03    3.703888e-05    1.440075e-03
2.128767e-01    1.342808e-03    3.914045e-05    1.449686e-03
2.143044e-01    1.319991e-03    3.880648e-05    1.459362e-03
2.157416e-01    1.354217e-03    3.930637e-05    1.469103e-03
2.171885e-01    1.284624e-03    3.828307e-05    1.478909e-03
2.186451e-01    1.244693e-03    3.768339e-05    1.488782e-03
2.201115e-01    1.090675e-03    3.527496e-05    1.498721e-03
2.215876e-01    1.047322e-03    3.456678e-05    1.508727e-03
2.230737e-01    1.017659e-03    3.407375e-05    1.518801e-03
2.245698e-01    1.041618e-03    3.447252e-05    1.528942e-03
2.260759e-01    1.121479e-03    3.576962e-05    1.539152e-03
2.275921e-01    1.136310e-03    3.600537e-05    1.549431e-03
2.291184e-01    1.216171e-03    3.724913e-05    1.559779e-03
2.306550e-01    1.240130e-03    3.761425e-05    1.570196e-03
2.322020e-01    1.207044e-03    3.710910e-05    1.580684e-03
2.337592e-01    1.205903e-03    3.709156e-05    1.591242e-03
2.353270e-01    1.062153e-03    3.481067e-05    1.601871e-03
2.369052e-01    1.092957e-03    3.531184e-05    1.612572e-03
2.384940e-01    1.083830e-03    3.516409e-05    1.623345e-03
2.400935e-01    1.084971e-03    3.518259e-05    1.634190e-03
2.417037e-01    1.027927e-03    3.424522e-05    1.645109e-03
2.433247e-01    1.047322e-03    3.456678e-05    1.656101e-03
2.449566e-01    1.102084e-03    3.545897e-05    1.667167e-03
2.465994e-01    1.177382e-03    3.665029e-05    1.678307e-03
2.482532e-01    1.276638e-03    3.816389e-05    1.689523e-03
2.499182e-01    1.068999e-03    3.492266e-05    1.700814e-03
2.515942e-01    1.137451e-03    3.602344e-05    1.712181e-03
2.532816e-01    1.009673e-03    3.393980e-05    1.723624e-03
2.549802e-01    1.002828e-03    3.382455e-05    1.735144e-03
2.566903e-01    1.067858e-03    3.490402e-05    1.746742e-03
2.584118e-01    1.051886e-03    3.464201e-05    1.758418e-03
2.601448e-01    1.072421e-03    3.497853e-05    1.770173e-03
2.618895e-01    1.159128e-03    3.636507e-05    1.782006e-03
2.636459e-01    1.138592e-03    3.604150e-05    1.793920e-03
2.654141e-01    1.195636e-03    3.693331e-05    1.805913e-03
2.671941e-01    1.104366e-03    3.549566e-05    1.817987e-03
2.689860e-01    1.066717e-03    3.488537e-05    1.830143e-03
2.707900e-01    1.057590e-03    3.473581e-05    1.842380e-03
2.726061e-01    9.937010e-04    3.367027e-05    1.854699e-03
2.744343e-01    9.925602e-04    3.365094e-05    1.867101e-03
2.762748e-01    1.098661e-03    3.540387e-05    1.879587e-03
2.781277e-01    1.113493e-03    3.564204e-05    1.892157e-03
2.799930e-01    1.092957e-03    3.531184e-05    1.904811e-03
2.818708e-01    1.113493e-03    3.564204e-05    1.917550e-03
2.837612e-01    1.084971e-03    3.518259e-05    1.930375e-03
2.856642e-01    1.059872e-03    3.477326e-05    1.943286e-03
2.875801e-01    1.072421e-03    3.497853e-05    1.956284e-03
2.895087e-01    1.055308e-03    3.469832e-05    1.969370e-03
2.914503e-01    1.065576e-03    3.486671e-05    1.982543e-03
2.934050e-01    1.061013e-03    3.479197e-05    1.995805e-03
2.953727e-01    1.087253e-03    3.521957e-05    2.009156e-03
2.973536e-01    1.104366e-03    3.549566e-05    2.022597e-03
2.993479e-01    1.055308e-03    3.469832e-05    2.036128e-03
3.013555e-01    9.617566e-04    3.312466e-05    2.049750e-03
3.033765e-01    1.021082e-03    3.413100e-05    2.063464e-03
3.054111e-01    1.034772e-03    3.435905e-05    2.077271e-03
3.074594e-01    1.010814e-03    3.395896e-05    2.091169e-03
3.095214e-01    1.013096e-03    3.399727e-05    2.105162e-03
3.115972e-01    1.070140e-03    3.494129e-05    2.119248e-03
3.136870e-01    1.026786e-03    3.422621e-05    2.133429e-03
3.157907e-01    1.104366e-03    3.549566e-05    2.147705e-03
3.179086e-01    1.038195e-03    3.441583e-05    2.162077e-03
3.200407e-01    1.002828e-03    3.382455e-05    2.176546e-03
3.221871e-01    1.018800e-03    3.409285e-05    2.191112e-03
3.243478e-01    1.057590e-03    3.473581e-05    2.205777e-03
3.265231e-01    1.057590e-03    3.473581e-05    2.220539e-03
3.287130e-01    1.091816e-03    3.529340e-05    2.235401e-03
3.309175e-01    1.018800e-03    3.409285e-05    2.250362e-03
3.331368e-01    1.064435e-03    3.484804e-05    2.265425e-03
3.353710e-01    1.029068e-03    3.426422e-05    2.280588e-03
3.376202e-01    1.034772e-03    3.435905e-05    2.295853e-03
3.398845e-01    1.086112e-03    3.520109e-05    2.311221e-03
3.421639e-01    1.111211e-03    3.560550e-05    2.326692e-03
3.444587e-01    1.049604e-03    3.460441e-05    2.342268e-03
3.467688e-01    9.845740e-04    3.351529e-05    2.357947e-03
3.490944e-01    1.003969e-03    3.384378e-05    2.373732e-03
3.514357e-01    9.811514e-04    3.345698e-05    2.389624e-03
3.537926e-01    9.765879e-04    3.337909e-05    2.405621e-03
3.561653e-01    9.959828e-04    3.370891e-05    2.421727e-03
3.585540e-01    1.000546e-03    3.378604e-05    2.437940e-03
3.609587e-01    1.016519e-03    3.405465e-05    2.454263e-03
3.633794e-01    1.071280e-03    3.495991e-05    2.470695e-03
3.658165e-01    1.019941e-03    3.411193e-05    2.487238e-03
3.682699e-01    1.003969e-03    3.384378e-05    2.503891e-03
3.707397e-01    1.006251e-03    3.388222e-05    2.520657e-03
3.732261e-01    9.857150e-04    3.353470e-05    2.537535e-03
3.757291e-01    1.038195e-03    3.441583e-05    2.554526e-03
3.782490e-01    1.054167e-03    3.467956e-05    2.571632e-03
3.807857e-01    1.021082e-03    3.413100e-05    2.588853e-03
3.833395e-01    1.000546e-03    3.378604e-05    2.606189e-03
3.859104e-01    1.032491e-03    3.432115e-05    2.623642e-03
3.884985e-01    1.007391e-03    3.390142e-05    2.641211e-03
3.911040e-01    1.046181e-03    3.454795e-05    2.658899e-03
3.937270e-01    1.043899e-03    3.451025e-05    2.676706e-03
3.963676e-01    1.037054e-03    3.439692e-05    2.694632e-03
3.990258e-01    1.054167e-03    3.467956e-05    2.712679e-03
4.017019e-01    1.013096e-03    3.399727e-05    2.730847e-03
4.043960e-01    9.959828e-04    3.370891e-05    2.749137e-03
4.071081e-01    1.027927e-03    3.424522e-05    2.767550e-03
4.098384e-01    1.025645e-03    3.420719e-05    2.786086e-03
4.125870e-01    9.686018e-04    3.324233e-05    2.804747e-03
4.153540e-01    1.024505e-03    3.418816e-05    2.823533e-03
4.181396e-01    1.068999e-03    3.492266e-05    2.842445e-03
4.209439e-01    1.068999e-03    3.492266e-05    2.861484e-03
4.237670e-01    9.925602e-04    3.365094e-05    2.880652e-03
4.266090e-01    1.051886e-03    3.464201e-05    2.899947e-03
4.294701e-01    1.035913e-03    3.437799e-05    2.919373e-03
4.323504e-01    1.063294e-03    3.482936e-05    2.938929e-03
4.352500e-01    9.948419e-04    3.368960e-05    2.958616e-03
4.381690e-01    9.800105e-04    3.343753e-05    2.978435e-03
4.411076e-01    1.018800e-03    3.409285e-05    2.998387e-03
4.440659e-01    1.019941e-03    3.411193e-05    3.018474e-03
4.470441e-01    1.018800e-03    3.409285e-05    3.038695e-03
4.500422e-01    1.007391e-03    3.390142e-05    3.059052e-03
4.530605e-01    9.948419e-04    3.368960e-05    3.079546e-03
4.560989e-01    1.041618e-03    3.447252e-05    3.100177e-03
4.591578e-01    1.065576e-03    3.486671e-05    3.120947e-03
4.622372e-01    9.754470e-04    3.335959e-05    3.141856e-03
4.653372e-01    1.005110e-03    3.386301e-05    3.162906e-03
4.684580e-01    9.229669e-04    3.244979e-05    3.184097e-03
4.715998e-01    1.057590e-03    3.473581e-05    3.205430e-03
4.747626e-01    9.035720e-04    3.210703e-05    3.226906e-03
4.779466e-01    9.686018e-04    3.324233e-05    3.248526e-03
4.811520e-01    1.008532e-03    3.392062e-05    3.270292e-03
4.843789e-01    1.034772e-03    3.435905e-05    3.292204e-03
4.876274e-01    9.914193e-04    3.363159e-05    3.314263e-03
4.908977e-01    1.001687e-03    3.380530e-05    3.336470e-03
4.941899e-01    9.788697e-04    3.341806e-05    3.358826e-03
4.975043e-01    1.010814e-03    3.395896e-05    3.381332e-03
5.008408e-01    9.731653e-04    3.332055e-05    3.403989e-03
5.041997e-01    1.032491e-03    3.432115e-05    3.426798e-03
5.075812e-01    9.800105e-04    3.343753e-05    3.449760e-03
5.109853e-01    9.126990e-04    3.226878e-05    3.472877e-03
5.144123e-01    9.720244e-04    3.330101e-05    3.496149e-03
5.178622e-01    1.032491e-03    3.432115e-05    3.519577e-03
5.213353e-01    1.010814e-03    3.395896e-05    3.543162e-03
5.248317e-01    9.788697e-04    3.341806e-05    3.566905e-03
5.283515e-01    1.001687e-03    3.380530e-05    3.590808e-03
5.318949e-01    1.031350e-03    3.430219e-05    3.614871e-03
5.354621e-01    1.061013e-03    3.479197e-05    3.639096e-03
5.390532e-01    1.054167e-03    3.467956e-05    3.663483e-03
5.426684e-01    1.059872e-03    3.477326e-05    3.688034e-03
5.463078e-01    9.594748e-04    3.308534e-05    3.712750e-03
5.499717e-01    9.492069e-04    3.290783e-05    3.737631e-03
5.536601e-01    1.053026e-03    3.466078e-05    3.762680e-03
5.573733e-01    9.891375e-04    3.359287e-05    3.787896e-03
5.611113e-01    9.651791e-04    3.318354e-05    3.813282e-03
5.648745e-01    9.674609e-04    3.322274e-05    3.838839e-03
5.686628e-01    1.023364e-03    3.416912e-05    3.864567e-03
5.724766e-01    9.640383e-04    3.316393e-05    3.890467e-03
5.763160e-01    1.049604e-03    3.460441e-05    3.916542e-03
5.801811e-01    1.048463e-03    3.458560e-05    3.942791e-03
5.840721e-01    1.033632e-03    3.434011e-05    3.969216e-03
5.879892e-01    1.010814e-03    3.395896e-05    3.995819e-03
5.919326e-01    1.002828e-03    3.382455e-05    4.022601e-03
5.959025e-01    1.022223e-03    3.415007e-05    4.049561e-03
5.998989e-01    9.868558e-04    3.355410e-05    4.076704e-03
6.039222e-01    9.857150e-04    3.353470e-05    4.104028e-03
6.079724e-01    1.014237e-03    3.401641e-05    4.131535e-03
6.120498e-01    9.822922e-04    3.347643e-05    4.159227e-03
6.161546e-01    1.008532e-03    3.392062e-05    4.187105e-03
6.202869e-01    1.033632e-03    3.434011e-05    4.215170e-03
6.244469e-01    9.834331e-04    3.349587e-05    4.243424e-03
6.286348e-01    1.040477e-03    3.445363e-05    4.271866e-03
6.328508e-01    9.925602e-04    3.365094e-05    4.300500e-03
6.370950e-01    9.560522e-04    3.302627e-05    4.329326e-03
6.413677e-01    1.022223e-03    3.415007e-05    4.358345e-03
6.456691e-01    9.469251e-04    3.286825e-05    4.387559e-03
6.499993e-01    9.743062e-04    3.334007e-05    4.416970e-03
6.543586e-01    9.788697e-04    3.341806e-05    4.446577e-03
6.587471e-01    1.000546e-03    3.378604e-05    4.476383e-03
6.631650e-01    9.743062e-04    3.334007e-05    4.506389e-03
6.676126e-01    9.389390e-04    3.272936e-05    4.536597e-03
6.720900e-01    1.040477e-03    3.445363e-05    4.567007e-03
6.765974e-01    1.011955e-03    3.397812e-05    4.597621e-03
6.811351e-01    1.017659e-03    3.407375e-05    4.628440e-03
6.857031e-01    1.037054e-03    3.439692e-05    4.659466e-03
6.903019e-01    9.514887e-04    3.294736e-05    4.690701e-03
6.949314e-01    9.994054e-04    3.376678e-05    4.722145e-03
6.995920e-01    1.001687e-03    3.380530e-05    4.753801e-03
7.042839e-01    9.697427e-04    3.326190e-05    4.785668e-03
7.090072e-01    1.035913e-03    3.437799e-05    4.817749e-03
7.137622e-01    1.033632e-03    3.434011e-05    4.850046e-03
7.185491e-01    1.017659e-03    3.407375e-05    4.882559e-03
7.233681e-01    1.042759e-03    3.449139e-05    4.915291e-03
7.282194e-01    9.914193e-04    3.363159e-05    4.948241e-03
7.331033e-01    9.925602e-04    3.365094e-05    4.981413e-03
7.380199e-01    1.037054e-03    3.439692e-05    5.014808e-03
7.429695e-01    1.009673e-03    3.393980e-05    5.048427e-03
7.479523e-01    1.015378e-03    3.403554e-05    5.082271e-03
7.529684e-01    9.663201e-04    3.320315e-05    5.116343e-03
7.580183e-01    1.024505e-03    3.418816e-05    5.150642e-03
7.631020e-01    1.031350e-03    3.430219e-05    5.185172e-03
7.682198e-01    1.001687e-03    3.380530e-05    5.219934e-03
7.733719e-01    1.010814e-03    3.395896e-05    5.254929e-03
7.785586e-01    1.033632e-03    3.434011e-05    5.290159e-03
7.837800e-01    1.027927e-03    3.424522e-05    5.325625e-03
7.890365e-01    9.400799e-04    3.274923e-05    5.361329e-03
7.943282e-01    9.446435e-04    3.282863e-05    5.397272e-03
