#y=A*x+B
#A=2.5
#B=4
0.1  0.0640921  0.00914324
0.462469  0.0465568  0.00637749
0.64634  0.0425178  0.00619146
0.788437  0.0310669  0.00425782
0.908576  0.0308127  0.00459161
1.01459  0.0222981  0.00306425
1.11052  0.0164438  0.00209103
1.19881  0.019836  0.00296972
1.28102  0.0169165  0.00249584
1.35827  0.0114441  0.00147611
1.43135  0.0138224  0.00207535
1.50088  0.0109595  0.00154709
1.56733  0.00817996  0.00105039
1.63108  0.00782907  0.00103296
1.69242  0.00830754  0.00118312
1.75162  0.00657296  0.000870673
1.80888  0.00653015  0.000899836
1.86438  0.00655201  0.000942203
1.91828  0.00563895  0.000782497
1.9707  0.00457361  0.000593647
2.02177  0.00497287  0.000698078
2.07158  0.00535072  0.000807062
2.12021  0.00415776  0.000571943
2.16776  0.00390816  0.000538655
2.21429  0.00394316  0.000563576
2.25985  0.0027017  0.000329646
2.30452  0.00290774  0.000379255
2.34834  0.00348843  0.000513062
2.39135  0.00279465  0.000378431
2.43361  0.00235959  0.000301774
2.47514  0.00307869  0.000461945
2.51599  0.00218433  0.000283354
2.55618  0.00212903  0.000279672
2.59576  0.00241043  0.000345358
2.63474  0.00194559  0.000256564
2.67315  0.00205411  0.00028497
2.71101  0.00201888  0.000284144
2.74836  0.00150482  0.000187016
2.7852  0.00173826  0.000237351
2.82156  0.00159716  0.000213601
2.85746  0.00175752  0.000251823
2.89292  0.00138408  0.000179663
2.92794  0.0016607  0.000240962
2.96256  0.00130598  0.000171409
2.99677  0.00134301  0.000182262
3.03059  0.00200188  0.000338084
3.06404  0.00108143  0.000136773
3.09713  0.0012962  0.000182807
3.12988  0.0013013  0.000187237
3.16228  0.0011197  0.000152117
