#y=A*x+B
#A=2.5
#B=4
0.01  4.80815e+009  1.34637e+009
0.451862  2932.98  926.034
0.638952  710.855  249.827
0.782521  344.537  133.391
0.903559  571.778  241.79
1.0102  496.339  227.615
1.10661  853.173  421.724
1.19526  805.029  426.677
1.27779  1679.02  949.872
1.35529  1034.2  622.011
1.4286  1088.15  693.32
1.49832  1792.52  1206.13
1.56495  6601.73  4677.88
1.62884  2513.99  1871.16
1.69033  10052.1  7840.8
1.74966  25439.2  20751.5
1.80703  9755.6  8306.32
1.86265  27369.2  24280.7
1.91665  21147.6  19516.4
1.96917  87455.3  83833.1
2.02032  1.10967e+006  1.10334e+006
2.07021  471606  485759
2.11893  64128.1  68342.9
2.16655  261381  287895
2.21314  148142  168460
2.25878  233472  273831
2.30351  572925  692425
2.34739  366639  456206
2.39047  5.03839e+007  6.44917e+007
2.43278  238383  313645
2.47437  1.28151e+007  1.73188e+007
2.51527  6.36178e+006  8.82473e+006
2.55551  657992  936233
2.59514  2.38654e+007  3.48095e+007
2.63416  9.37844e+006  1.40141e+007
2.67262  2.25067e+007  3.44353e+007
2.71053  3.0357e+008  4.75306e+008
2.74792  1.62467e+008  2.60179e+008
2.7848  5.58822e+007  9.14873e+007
2.82121  1.9348e+009  3.23665e+009
2.85715  3.8188e+008  6.5247e+008
2.89264  9.84079e+008  1.71652e+009
2.9277  1.19327e+009  2.12403e+009
2.96235  1.26594e+011  2.29858e+011
2.9966  1.7845e+009  3.30387e+009
3.03046  4.79268e+009  9.04448e+009
3.06395  9.45614e+008  1.81828e+009
3.09707  3.83136e+010  7.504e+010
3.12984  3.26979e+011  6.5209e+011
3.16228  1.47833e+010  3.00102e+010
