# Simulated data
# sigma generated using Sedlak et al, k=100000, c=0.55, https://doi.org/10.1107/S1600576717003077, and rebinned with 10 per bin)
# q            I            sigma       
  1.00000e-03  5.61605e-01  1.59726e-02 
  2.25063e-03  5.62441e-01  1.06290e-02 
  3.50125e-03  5.76379e-01  8.49655e-03 
  4.75188e-03  5.63281e-01  7.26224e-03 
  6.00251e-03  5.59759e-01  6.42584e-03 
  7.25313e-03  5.48763e-01  5.80596e-03 
  8.50376e-03  5.39017e-01  5.31893e-03 
  9.75439e-03  5.25613e-01  4.92018e-03 
  1.10050e-02  5.16469e-01  4.58356e-03 
  1.22556e-02  5.09746e-01  4.29261e-03 
  1.35063e-02  4.88282e-01  4.03643e-03 
  1.47569e-02  4.79246e-01  3.80749e-03 
  1.60075e-02  4.65357e-01  3.60043e-03 
  1.72581e-02  4.49862e-01  3.41134e-03 
  1.85088e-02  4.37369e-01  3.23727e-03 
  1.97594e-02  4.20289e-01  3.07602e-03 
  2.10100e-02  4.00082e-01  2.92587e-03 
  2.22607e-02  3.88527e-01  2.78548e-03 
  2.35113e-02  3.71729e-01  2.65379e-03 
  2.47619e-02  3.53484e-01  2.52998e-03 
  2.60125e-02  3.39551e-01  2.41336e-03 
  2.72632e-02  3.23219e-01  2.30339e-03 
  2.85138e-02  3.04425e-01  2.19962e-03 
  2.97644e-02  2.92825e-01  2.10168e-03 
  3.10150e-02  2.79077e-01  2.00925e-03 
  3.22657e-02  2.65829e-01  1.92208e-03 
  3.35163e-02  2.54765e-01  1.83991e-03 
  3.47669e-02  2.41431e-01  1.76254e-03 
  3.60175e-02  2.27655e-01  1.68977e-03 
  3.72682e-02  2.14645e-01  1.62141e-03 
  3.85188e-02  2.06355e-01  1.55727e-03 
  3.97694e-02  1.96670e-01  1.49719e-03 
  4.10201e-02  1.87221e-01  1.44095e-03 
  4.22707e-02  1.76829e-01  1.38838e-03 
  4.35213e-02  1.70797e-01  1.33928e-03 
  4.47719e-02  1.66383e-01  1.29343e-03 
  4.60226e-02  1.57700e-01  1.25062e-03 
  4.72732e-02  1.48564e-01  1.21064e-03 
  4.85238e-02  1.46188e-01  1.17327e-03 
  4.97744e-02  1.40343e-01  1.13828e-03 
  5.10251e-02  1.36129e-01  1.10544e-03 
  5.22757e-02  1.31496e-01  1.07453e-03 
  5.35263e-02  1.29426e-01  1.04535e-03 
  5.47769e-02  1.22036e-01  1.01768e-03 
  5.60276e-02  1.20621e-01  9.91327e-04 
  5.72782e-02  1.17557e-01  9.66104e-04 
  5.85288e-02  1.13794e-01  9.41842e-04 
  5.97794e-02  1.11033e-01  9.18385e-04 
  6.10301e-02  1.06242e-01  8.95595e-04 
  6.22807e-02  1.04209e-01  8.73347e-04 
  6.35313e-02  1.00938e-01  8.51535e-04 
  6.47820e-02  9.66982e-02  8.30070e-04 
  6.60326e-02  9.42012e-02  8.08876e-04 
  6.72832e-02  9.06526e-02  7.87894e-04 
  6.85338e-02  8.73546e-02  7.67081e-04 
  6.97845e-02  8.36975e-02  7.46403e-04 
  7.10351e-02  8.09723e-02  7.25843e-04 
  7.22857e-02  7.80863e-02  7.05392e-04 
  7.35363e-02  7.45324e-02  6.85051e-04 
  7.47870e-02  7.00617e-02  6.64832e-04 
  7.60376e-02  6.74879e-02  6.44752e-04 
  7.72882e-02  6.41755e-02  6.24835e-04 
  7.85388e-02  6.19489e-02  6.05111e-04 
  7.97895e-02  5.81847e-02  5.85613e-04 
  8.10401e-02  5.43199e-02  5.66377e-04 
  8.22907e-02  5.20070e-02  5.47441e-04 
  8.35414e-02  4.82983e-02  5.28844e-04 
  8.47920e-02  4.68977e-02  5.10625e-04 
  8.60426e-02  4.32566e-02  4.92820e-04 
  8.72932e-02  4.06348e-02  4.75465e-04 
  8.85439e-02  3.79145e-02  4.58593e-04 
  8.97945e-02  3.58298e-02  4.42234e-04 
  9.10451e-02  3.34373e-02  4.26412e-04 
  9.22957e-02  3.21322e-02  4.11148e-04 
  9.35464e-02  3.03268e-02  3.96458e-04 
  9.47970e-02  2.74530e-02  3.82351e-04 
  9.60476e-02  2.55530e-02  3.68832e-04 
  9.72982e-02  2.48730e-02  3.55900e-04 
  9.85489e-02  2.27184e-02  3.43548e-04 
  9.97995e-02  2.06482e-02  3.31765e-04 
  1.01050e-01  1.95954e-02  3.20532e-04 
  1.02301e-01  1.86321e-02  3.09828e-04 
  1.03551e-01  1.78153e-02  2.99629e-04 
  1.04802e-01  1.65769e-02  2.89906e-04 
  1.06053e-01  1.49728e-02  2.80627e-04 
  1.07303e-01  1.45085e-02  2.71762e-04 
  1.08554e-01  1.37012e-02  2.63276e-04 
  1.09805e-01  1.28529e-02  2.55139e-04 
  1.11055e-01  1.17677e-02  2.47317e-04 
  1.12306e-01  1.16703e-02  2.39783e-04 
  1.13556e-01  1.05392e-02  2.32507e-04 
  1.14807e-01  9.94492e-03  2.25467e-04 
  1.16058e-01  9.31555e-03  2.18640e-04 
  1.17308e-01  8.21904e-03  2.12009e-04 
  1.18559e-01  7.90133e-03  2.05560e-04 
  1.19810e-01  7.11939e-03  1.99283e-04 
  1.21060e-01  6.68368e-03  1.93171e-04 
  1.22311e-01  6.16960e-03  1.87221e-04 
  1.23561e-01  5.67621e-03  1.81435e-04 
  1.24812e-01  5.57032e-03  1.75815e-04 
  1.26063e-01  4.81049e-03  1.70368e-04 
  1.27313e-01  4.17221e-03  1.65102e-04 
  1.28564e-01  4.02026e-03  1.60027e-04 
  1.29815e-01  3.83166e-03  1.55156e-04 
  1.31065e-01  2.97395e-03  1.50500e-04 
  1.32316e-01  3.26301e-03  1.46073e-04 
  1.33566e-01  2.43512e-03  1.41886e-04 
  1.34817e-01  2.41597e-03  1.37950e-04 
  1.36068e-01  2.33815e-03  1.34275e-04 
  1.37318e-01  1.90035e-03  1.30869e-04 
  1.38569e-01  1.58247e-03  1.27736e-04 
  1.39820e-01  1.64307e-03  1.24879e-04 
  1.41070e-01  1.43708e-03  1.22296e-04 
  1.42321e-01  1.15242e-03  1.19983e-04 
  1.43571e-01  8.24263e-04  1.17932e-04 
  1.44822e-01  1.05973e-03  1.16132e-04 
  1.46073e-01  1.01906e-03  1.14570e-04 
  1.47323e-01  1.00562e-03  1.13229e-04 
  1.48574e-01  1.01496e-03  1.12092e-04 
  1.49825e-01  8.20140e-04  1.11139e-04 
  1.51075e-01  5.92759e-04  1.10351e-04 
  1.52326e-01  6.51962e-04  1.09707e-04 
  1.53576e-01  5.80221e-04  1.09188e-04 
  1.54827e-01  8.15801e-04  1.08775e-04 
  1.56078e-01  7.14935e-04  1.08451e-04 
  1.57328e-01  7.09404e-04  1.08197e-04 
  1.58579e-01  6.91277e-04  1.08001e-04 
  1.59830e-01  6.26954e-04  1.07849e-04 
  1.61080e-01  6.24808e-04  1.07728e-04 
  1.62331e-01  8.09750e-04  1.07630e-04 
  1.63581e-01  8.15172e-04  1.07546e-04 
  1.64832e-01  7.60321e-04  1.07469e-04 
  1.66083e-01  9.74197e-04  1.07393e-04 
  1.67333e-01  9.04586e-04  1.07315e-04 
  1.68584e-01  9.50461e-04  1.07230e-04 
  1.69835e-01  9.89028e-04  1.07135e-04 
  1.71085e-01  1.17005e-03  1.07030e-04 
  1.72336e-01  9.23810e-04  1.06911e-04 
  1.73586e-01  1.12175e-03  1.06779e-04 
  1.74837e-01  1.09738e-03  1.06631e-04 
  1.76088e-01  1.13136e-03  1.06468e-04 
  1.77338e-01  1.13082e-03  1.06287e-04 
  1.78589e-01  1.22616e-03  1.06090e-04 
  1.79840e-01  9.97552e-04  1.05874e-04 
  1.81090e-01  1.03331e-03  1.05640e-04 
  1.82341e-01  1.02191e-03  1.05385e-04 
  1.83591e-01  9.69456e-04  1.05111e-04 
  1.84842e-01  1.31642e-03  1.04815e-04 
  1.86093e-01  1.19900e-03  1.04497e-04 
  1.87343e-01  1.24216e-03  1.04156e-04 
  1.88594e-01  1.11503e-03  1.03792e-04 
  1.89845e-01  1.40785e-03  1.03404e-04 
  1.91095e-01  9.80333e-04  1.02993e-04 
  1.92346e-01  9.61926e-04  1.02558e-04 
  1.93596e-01  1.13023e-03  1.02099e-04 
  1.94847e-01  1.23954e-03  1.01618e-04 
  1.96098e-01  1.17231e-03  1.01114e-04 
  1.97348e-01  1.14263e-03  1.00589e-04 
  1.98599e-01  1.09659e-03  1.00045e-04 
  1.99850e-01  1.01180e-03  9.94827e-05 
  2.01100e-01  1.12037e-03  9.89047e-05 
  2.02351e-01  7.86631e-04  9.83129e-05 
  2.03602e-01  9.68175e-04  9.77096e-05 
  2.04852e-01  9.38768e-04  9.70973e-05 
  2.06103e-01  8.75779e-04  9.64785e-05 
  2.07353e-01  9.62600e-04  9.58557e-05 
  2.08604e-01  1.09136e-03  9.52316e-05 
  2.09855e-01  7.67653e-04  9.46085e-05 
  2.11105e-01  8.06175e-04  9.39887e-05 
  2.12356e-01  8.98371e-04  9.33745e-05 
  2.13607e-01  7.63595e-04  9.27678e-05 
  2.14857e-01  7.23414e-04  9.21704e-05 
  2.16108e-01  8.21631e-04  9.15837e-05 
  2.17358e-01  6.69960e-04  9.10088e-05 
  2.18609e-01  5.82274e-04  9.04468e-05 
  2.19860e-01  4.55185e-04  8.98983e-05 
  2.21110e-01  6.31369e-04  8.93635e-05 
  2.22361e-01  5.49302e-04  8.88427e-05 
  2.23612e-01  4.93025e-04  8.83356e-05 
  2.24862e-01  6.93553e-04  8.78421e-05 
  2.26113e-01  5.27167e-04  8.73617e-05 
  2.27363e-01  4.92603e-04  8.68937e-05 
  2.28614e-01  4.16354e-04  8.64376e-05 
  2.29865e-01  3.73999e-04  8.59926e-05 
  2.31115e-01  4.35869e-04  8.55581e-05 
  2.32366e-01  4.29515e-04  8.51335e-05 
  2.33617e-01  3.88091e-04  8.47182e-05 
  2.34867e-01  4.66260e-04  8.43118e-05 
  2.36118e-01  4.54102e-04  8.39138e-05 
  2.37368e-01  3.96555e-04  8.35242e-05 
  2.38619e-01  3.01697e-04  8.31429e-05 
  2.39870e-01  3.51660e-04  8.27699e-05 
  2.41120e-01  4.07021e-04  8.24055e-05 
  2.42371e-01  2.54205e-04  8.20501e-05 
  2.43622e-01  3.87686e-04  8.17040e-05 
  2.44872e-01  1.43422e-04  8.13679e-05 
  2.46123e-01  4.15348e-04  8.10423e-05 
  2.47373e-01  3.09532e-04  8.07278e-05 
  2.48624e-01  1.96303e-04  8.04252e-05 
  2.49875e-01  1.16816e-04  8.01350e-05 
  2.51125e-01  7.27761e-05  7.98578e-05 
  2.52376e-01  2.37857e-04  7.95939e-05 
  2.53627e-01  1.94749e-04  7.93438e-05 
  2.54877e-01  2.90807e-04  7.91077e-05 
  2.56128e-01  2.97390e-04  7.88856e-05 
  2.57378e-01  2.67434e-04  7.86775e-05 
  2.58629e-01  1.90201e-04  7.84830e-05 
  2.59880e-01  1.59884e-04  7.83017e-05 
  2.61130e-01  2.28454e-04  7.81330e-05 
  2.62381e-01  2.24279e-04  7.79762e-05 
  2.63632e-01  2.44215e-04  7.78304e-05 
  2.64882e-01  1.73827e-04  7.76945e-05 
  2.66133e-01  1.43942e-04  7.75674e-05 
  2.67383e-01  2.17162e-04  7.74480e-05 
  2.68634e-01  2.75421e-04  7.73349e-05 
  2.69885e-01  2.09984e-04  7.72270e-05 
  2.71135e-01  2.73166e-04  7.71228e-05 
  2.72386e-01  2.24265e-04  7.70212e-05 
  2.73637e-01  3.63053e-04  7.69210e-05 
  2.74887e-01  3.01067e-04  7.68210e-05 
  2.76138e-01  2.30679e-04  7.67201e-05 
  2.77388e-01  2.37665e-04  7.66174e-05 
  2.78639e-01  2.75441e-04  7.65120e-05 
  2.79890e-01  1.77669e-04  7.64032e-05 
  2.81140e-01  3.42529e-04  7.62904e-05 
  2.82391e-01  3.79597e-04  7.61730e-05 
  2.83642e-01  4.60377e-04  7.60506e-05 
  2.84892e-01  2.48767e-04  7.59231e-05 
  2.86143e-01  3.66766e-04  7.57901e-05 
  2.87393e-01  3.73732e-04  7.56517e-05 
  2.88644e-01  4.12820e-04  7.55079e-05 
  2.89895e-01  3.69297e-04  7.53587e-05 
  2.91145e-01  3.30150e-04  7.52042e-05 
  2.92396e-01  4.03455e-04  7.50447e-05 
  2.93647e-01  1.67613e-04  7.48804e-05 
  2.94897e-01  2.77406e-04  7.47115e-05 
  2.96148e-01  2.16009e-04  7.45382e-05 
  2.97398e-01  3.02027e-04  7.43608e-05 
  2.98649e-01  4.04929e-04  7.41796e-05 
  2.99900e-01  2.99376e-04  7.39948e-05 
  3.01150e-01  2.05571e-04  7.38066e-05 
  3.02401e-01  3.20987e-04  7.36152e-05 
  3.03652e-01  3.20830e-04  7.34208e-05 
  3.04902e-01  1.90742e-04  7.32236e-05 
  3.06153e-01  2.32178e-04  7.30237e-05 
  3.07404e-01  4.11087e-04  7.28213e-05 
  3.08654e-01  3.53504e-04  7.26166e-05 
  3.09905e-01  3.17958e-04  7.24097e-05 
  3.11155e-01  3.21924e-04  7.22007e-05 
  3.12406e-01  2.58232e-04  7.19899e-05 
  3.13657e-01  2.98798e-04  7.17774e-05 
  3.14907e-01  9.74521e-05  7.15634e-05 
  3.16158e-01  1.86475e-04  7.13481e-05 
  3.17409e-01  1.87906e-04  7.11319e-05 
  3.18659e-01  1.77516e-04  7.09150e-05 
  3.19910e-01  1.34810e-04  7.06977e-05 
  3.21160e-01  2.98036e-04  7.04805e-05 
  3.22411e-01  1.52919e-04  7.02636e-05 
  3.23662e-01  2.45489e-04  7.00474e-05 
  3.24912e-01  2.11906e-04  6.98324e-05 
  3.26163e-01  1.13237e-04  6.96191e-05 
  3.27414e-01  1.87740e-04  6.94077e-05 
  3.28664e-01  1.79785e-04  6.91988e-05 
  3.29915e-01  2.34382e-04  6.89927e-05 
  3.31165e-01  8.53875e-05  6.87898e-05 
  3.32416e-01  1.85994e-04  6.85905e-05 
  3.33667e-01  2.50833e-04  6.83951e-05 
  3.34917e-01  9.82441e-05  6.82038e-05 
  3.36168e-01  1.94535e-04  6.80170e-05 
  3.37419e-01  1.84196e-04  6.78347e-05 
  3.38669e-01  3.78130e-05  6.76571e-05 
  3.39920e-01  8.91023e-05  6.74843e-05 
  3.41170e-01  1.08458e-04  6.73163e-05 
  3.42421e-01  4.19000e-05  6.71530e-05 
  3.43672e-01  4.20021e-05  6.69943e-05 
  3.44922e-01  -4.69497e-06 6.68401e-05 
  3.46173e-01  6.09582e-05  6.66902e-05 
  3.47424e-01  1.11632e-04  6.65445e-05 
  3.48674e-01  8.20328e-05  6.64026e-05 
  3.49925e-01  -6.74290e-05 6.62642e-05 
  3.51175e-01  5.62966e-05  6.61292e-05 
  3.52426e-01  2.04168e-05  6.59973e-05 
  3.53677e-01  1.11886e-04  6.58681e-05 
  3.54927e-01  8.89076e-05  6.57414e-05 
  3.56178e-01  9.14456e-05  6.56169e-05 
  3.57429e-01  1.85657e-05  6.54945e-05 
  3.58679e-01  3.21180e-05  6.53740e-05 
  3.59930e-01  6.85308e-05  6.52550e-05 
  3.61180e-01  3.15948e-05  6.51376e-05 
  3.62431e-01  8.27101e-05  6.50217e-05 
  3.63682e-01  1.22121e-04  6.49071e-05 
  3.64932e-01  3.21510e-05  6.47938e-05 
  3.66183e-01  3.48261e-05  6.46818e-05 
  3.67434e-01  1.45091e-04  6.45712e-05 
  3.68684e-01  1.30136e-04  6.44620e-05 
  3.69935e-01  -8.01633e-06 6.43542e-05 
  3.71185e-01  7.89488e-05  6.42479e-05 
  3.72436e-01  -4.22968e-05 6.41432e-05 
  3.73687e-01  5.09169e-05  6.40401e-05 
  3.74937e-01  -2.45372e-05 6.39388e-05 
  3.76188e-01  7.86329e-05  6.38392e-05 
  3.77439e-01  -9.66399e-06 6.37415e-05 
  3.78689e-01  1.10975e-04  6.36456e-05 
  3.79940e-01  9.88131e-05  6.35515e-05 
  3.81190e-01  4.88025e-05  6.34593e-05 
  3.82441e-01  2.57588e-05  6.33688e-05 
  3.83692e-01  1.02443e-04  6.32799e-05 
  3.84942e-01  2.07445e-04  6.31926e-05 
  3.86193e-01  7.03301e-06  6.31067e-05 
  3.87444e-01  1.69820e-04  6.30220e-05 
  3.88694e-01  3.97811e-06  6.29383e-05 
  3.89945e-01  6.88008e-05  6.28555e-05 
  3.91195e-01  3.91771e-05  6.27733e-05 
  3.92446e-01  2.36689e-05  6.26914e-05 
  3.93697e-01  1.44899e-05  6.26097e-05 
  3.94947e-01  1.95389e-04  6.25279e-05 
  3.96198e-01  1.56841e-04  6.24458e-05 
  3.97449e-01  7.05494e-05  6.23631e-05 
  3.98699e-01  2.05787e-04  6.22796e-05 
  3.99950e-01  7.02877e-05  6.21952e-05 
  4.01201e-01  1.93054e-04  6.21097e-05 
  4.02451e-01  2.12912e-04  6.20229e-05 
  4.03702e-01  1.43203e-04  6.19347e-05 
  4.04952e-01  1.56952e-05  6.18451e-05 
  4.06203e-01  8.24799e-05  6.17540e-05 
  4.07454e-01  1.71297e-04  6.16613e-05 
  4.08704e-01  1.35164e-04  6.15671e-05 
  4.09955e-01  1.70503e-04  6.14715e-05 
  4.11206e-01  1.34998e-04  6.13744e-05 
  4.12456e-01  1.32616e-04  6.12759e-05 
  4.13707e-01  2.83577e-05  6.11762e-05 
  4.14957e-01  4.29190e-05  6.10754e-05 
  4.16208e-01  1.73594e-04  6.09736e-05 
  4.17459e-01  7.89166e-05  6.08710e-05 
  4.18709e-01  8.53609e-05  6.07677e-05 
  4.19960e-01  9.19773e-05  6.06639e-05 
  4.21211e-01  1.66307e-04  6.05598e-05 
  4.22461e-01  2.35458e-04  6.04555e-05 
  4.23712e-01  1.05552e-04  6.03511e-05 
  4.24962e-01  -2.63762e-06 6.02469e-05 
  4.26213e-01  9.10544e-05  6.01429e-05 
  4.27464e-01  4.34030e-05  6.00393e-05 
  4.28714e-01  8.70688e-06  5.99362e-05 
  4.29965e-01  1.09211e-04  5.98336e-05 
  4.31216e-01  -3.06071e-05 5.97317e-05 
  4.32466e-01  7.70598e-05  5.96305e-05 
  4.33717e-01  7.04167e-05  5.95300e-05 
  4.34967e-01  1.00317e-04  5.94304e-05 
  4.36218e-01  6.28033e-05  5.93316e-05 
  4.37469e-01  4.03761e-05  5.92336e-05 
  4.38719e-01  1.46475e-04  5.91365e-05 
  4.39970e-01  1.60209e-04  5.90401e-05 
  4.41221e-01  -1.85003e-05 5.89446e-05 
  4.42471e-01  1.00593e-04  5.88499e-05 
  4.43722e-01  1.69509e-04  5.87559e-05 
  4.44972e-01  1.30210e-05  5.86627e-05 
  4.46223e-01  1.40374e-04  5.85702e-05 
  4.47474e-01  -1.85974e-06 5.84784e-05 
  4.48724e-01  1.10620e-04  5.83872e-05 
  4.49975e-01  2.30921e-05  5.82967e-05 
  4.51226e-01  -2.89041e-05 5.82068e-05 
  4.52476e-01  1.02600e-04  5.81175e-05 
  4.53727e-01  1.14089e-04  5.80288e-05 
  4.54977e-01  1.18432e-04  5.79407e-05 
  4.56228e-01  9.45798e-05  5.78533e-05 
  4.57479e-01  -1.20293e-05 5.77664e-05 
  4.58729e-01  3.68797e-05  5.76801e-05 
  4.59980e-01  3.04820e-05  5.75944e-05 
  4.61231e-01  3.13752e-05  5.75093e-05 
  4.62481e-01  1.79198e-05  5.74249e-05 
  4.63732e-01  -5.88615e-05 5.73411e-05 
  4.64982e-01  8.51618e-05  5.72579e-05 
  4.66233e-01  7.70826e-05  5.71754e-05 
  4.67484e-01  5.17695e-05  5.70936e-05 
  4.68734e-01  5.55521e-06  5.70125e-05 
  4.69985e-01  1.12614e-04  5.69320e-05 
  4.71236e-01  7.51871e-05  5.68523e-05 
  4.72486e-01  2.43990e-05  5.67732e-05 
  4.73737e-01  9.23420e-06  5.66949e-05 
  4.74987e-01  1.14396e-04  5.66172e-05 
  4.76238e-01  7.85052e-05  5.65402e-05 
  4.77489e-01  1.21420e-04  5.64639e-05 
  4.78739e-01  3.06137e-05  5.63883e-05 
  4.79990e-01  9.26539e-05  5.63133e-05 
  4.81241e-01  -4.28146e-05 5.62390e-05 
  4.82491e-01  2.29939e-05  5.61653e-05 
  4.83742e-01  1.03762e-04  5.60923e-05 
  4.84992e-01  6.42450e-05  5.60198e-05 
  4.86243e-01  3.31215e-05  5.59479e-05 
  4.87494e-01  -2.85985e-05 5.58767e-05 
  4.88744e-01  5.32510e-05  5.58060e-05 
  4.89995e-01  6.31919e-05  5.57358e-05 
  4.91246e-01  -2.31256e-05 5.56662e-05 
  4.92496e-01  -3.86473e-05 5.55970e-05 
  4.93747e-01  -5.58294e-06 5.55284e-05 
  4.94997e-01  -2.09254e-05 5.54603e-05 
  4.96248e-01  9.91556e-07  5.53927e-05 
  4.97499e-01  5.71587e-05  5.53256e-05 
  4.98749e-01  4.64753e-05  5.52589e-05 
  5.00000e-01  2.52228e-05  5.51926e-05 
