0.0135131  0.890444  0.0262786
0.0136482  0.935330  0.0259193
0.0137847  0.937904  0.0247850
0.0139226  0.920789  0.0227660
0.0140618  0.900099  0.0212259
0.0142024  0.945226  0.0217617
0.0143444  0.951055  0.0212824
0.0144879  0.957775  0.0219603
0.0146328  0.928407  0.0220038
0.0147791  0.938651  0.0220779
0.0149269  0.942624  0.0203130
0.0150762  0.968576  0.0203592
0.0152269  0.963471  0.0204578
0.0153792  1.00000  0.0218980
0.0155330  0.956413  0.0192828
0.0156883  0.967985  0.0189510
0.0158452  0.983214  0.0204685
0.0160036  0.975873  0.0191942
0.0161637  0.970828  0.0180809
0.0163253  0.953108  0.0182468
0.0164886  0.965581  0.0177873
0.0166535  0.992478  0.0190076
0.0168200  0.958453  0.0179890
0.0169882  0.992206  0.0176097
0.0171581  0.955405  0.0168827
0.0173297  0.921141  0.0155541
0.0175030  0.945313  0.0160285
0.0176780  0.968827  0.0161772
0.0178548  0.963786  0.0157828
0.0180333  0.976643  0.0159298
0.0182136  0.997707  0.0161089
0.0183958  0.999089  0.0167029
0.0185797  0.958310  0.0159275
0.0187655  0.957777  0.0166667
0.0189532  0.958045  0.0163302
0.0191427  0.975430  0.0158459
0.0193341  0.997848  0.0166963
0.0195275  0.988457  0.0152566
0.0197228  0.956352  0.0148362
0.0199200  0.961294  0.0151805
0.0201192  0.944681  0.0133290
0.0203204  0.950151  0.0139594
0.0205236  0.952151  0.0144395
0.0207288  0.962761  0.0136300
0.0209361  0.952821  0.0129448
0.0211455  0.935431  0.0142022
0.0213569  0.931837  0.0145305
0.0215705  0.934838  0.0129845
0.0217862  0.919501  0.0121554
0.0220041  0.917384  0.0131459
0.0222241  0.912095  0.0137868
0.0224463  0.900258  0.0129017
0.0226708  0.863043  0.0110902
0.0228975  0.804609  0.00998542
0.0231265  0.702971  0.00907879
0.0233578  0.582803  0.00835776
0.0235913  0.499274  0.00813344
0.0238272  0.457627  0.00737342
0.0240655  0.457010  0.00685862
0.0243062  0.414854  0.00597847
0.0245492  0.321860  0.00451427
0.0247947  0.231179  0.00323022
0.0250427  0.178828  0.00254536
0.0252931  0.173932  0.00250011
0.0255460  0.208037  0.00293913
0.0258015  0.243198  0.00334274
0.0260595  0.253268  0.00347777
0.0263201  0.226739  0.00310213
0.0265833  0.183134  0.00264496
0.0268491  0.118744  0.00277693
0.0271176  0.0779644  0.00131408
0.0273888  0.0534515  0.000960760
0.0276627  0.0600233  0.00105750
0.0279393  0.0860045  0.00137475
0.0282187  0.114457  0.00172018
0.0285009  0.132804  0.00195653
0.0287859  0.135787  0.00207031
0.0290738  0.122882  0.00186907
0.0293645  0.0954101  0.00138548
0.0296582  0.0639541  0.00100915
0.0299547  0.0369641  0.000705270
0.0302543  0.0230399  0.000556493
0.0305568  0.0230098  0.000527283
0.0308624  0.0336483  0.000635125
0.0311710  0.0482873  0.000846293
0.0314827  0.0609644  0.000983252
0.0317976  0.0697305  0.00100906
0.0321155  0.0677983  0.000970672
0.0324367  0.0579627  0.000906563
0.0327611  0.0427337  0.000702598
0.0330887  0.0282752  0.000546546
0.0334196  0.0159950  0.000389415
0.0337537  0.0108447  0.000287468
0.0340913  0.0126007  0.000322600
0.0344322  0.0192608  0.000403920
0.0347765  0.0267967  0.000510294
0.0351243  0.0333365  0.000559690
0.0354755  0.0371050  0.000596374
0.0358303  0.0331868  0.000557501
0.0361886  0.0280282  0.000478515
0.0365505  0.0207209  0.000388521
0.0369160  0.0121958  0.000300031
0.0372851  0.00746941  0.000216308
0.0376580  0.00586737  0.000190893
0.0380346  0.00745861  0.000236754
0.0384149  0.0120105  0.000311255
0.0387991  0.0152087  0.000327587
0.0391871  0.0183588  0.000388454
0.0395789  0.0183722  0.000373042
0.0399747  0.0168055  0.000316003
0.0403745  0.0129610  0.000285392
0.0407782  0.00760377  0.000220562
0.0411860  0.00493496  0.000147263
0.0415978  0.00296770  0.000122952
0.0420138  0.00406351  0.000148090
0.0424340  0.00592403  0.000174364
0.0428583  0.00826475  0.000202906
0.0432869  0.00974176  0.000239734
0.0437197  0.0103830  0.000248928
0.0441569  0.00835037  0.000215107
0.0445985  0.00641313  0.000164260
0.0450445  0.00378030  0.000119854
0.0454949  0.00247600  9.51508e-005
0.0459499  0.00194234  9.89274e-005
0.0464094  0.00288153  0.000120924
0.0468735  0.00389862  0.000132749
0.0473422  0.00509683  0.000139483
0.0478156  0.00545632  0.000142910
0.0482938  0.00521387  0.000133907
0.0487767  0.00423846  0.000120710
0.0492645  0.00280647  9.49906e-005
0.0497571  0.00195349  7.91897e-005
0.0502547  0.00123686  7.18016e-005
0.0507573  0.00161302  8.75042e-005
0.0512648  0.00249490  0.000111290
0.0517775  0.00333323  0.000127660
0.0522953  0.00373402  0.000132958
0.0528182  0.00310304  0.000119289
0.0533464  0.00233205  0.000103688
0.0538799  0.00137475  5.84675e-005
0.0544187  0.000862859  3.47591e-005
0.0549628  0.000794436  3.22238e-005
0.0555125  0.00124380  4.09830e-005
0.0560676  0.00180554  5.09379e-005
0.0566283  0.00214211  5.63167e-005
0.0571946  0.00207049  5.22190e-005
0.0577665  0.00151467  4.06905e-005
0.0583442  0.000918109  3.00631e-005
0.0589276  0.000523212  2.09745e-005
0.0595169  0.000454332  2.03172e-005
0.0601121  0.000735518  2.79901e-005
0.0607132  0.00108549  3.14789e-005
0.0613203  0.00136057  3.44964e-005
0.0619335  0.00121586  3.34158e-005
0.0625528  0.000861177  2.78032e-005
0.0631784  0.000462963  1.73513e-005
0.0638102  0.000297269  1.45077e-005
0.0644483  0.000348487  1.63272e-005
0.0650927  0.000596505  2.06857e-005
0.0657437  0.000788588  2.49641e-005
0.0664011  0.000792275  2.49458e-005
0.0670651  0.000595311  2.04429e-005
0.0677358  0.000335338  1.45775e-005
0.0684131  0.000199648  1.03786e-005
0.0690973  0.000249447  1.21945e-005
0.0697882  0.000400587  1.53933e-005
0.0704861  0.000484298  1.67965e-005
0.0711910  0.000504908  1.67182e-005
0.0719029  0.000369647  1.36735e-005
0.0726219  0.000203649  9.63227e-006
0.0733481  0.000142743  7.77255e-006
0.0740816  0.000194778  1.04837e-005
0.0748224  0.000298843  1.25264e-005
0.0755707  0.000345177  1.47736e-005
0.0763264  0.000300334  1.30570e-005
0.0770896  0.000202304  9.43365e-006
0.0778605  0.000135146  7.41379e-006
0.0786391  0.000123260  6.90168e-006
0.0794255  0.000184296  8.85156e-006
0.0802198  0.000237201  1.02218e-005
0.0810220  0.000214790  9.11023e-006
0.0818322  0.000150690  7.18279e-006
0.0826505  9.00454e-005  5.94710e-006
0.0834770  9.03782e-005  5.68063e-006
0.0843118  0.000141873  6.65217e-006
0.0851549  0.000163560  7.63910e-006
0.0860064  0.000140535  7.78581e-006
0.0868665  8.93858e-005  6.03004e-006
0.0877352  5.92666e-005  4.20128e-006
0.0886125  7.64039e-005  4.82042e-006
0.0894987  0.000114803  6.52339e-006
0.0903936  0.000104782  6.40088e-006
0.0912976  9.52229e-005  5.82799e-006
0.0922106  7.06955e-005  4.50775e-006
0.0931327  6.13081e-005  3.90124e-006
0.0940640  7.00385e-005  4.21881e-006
0.0950046  8.86484e-005  5.05629e-006
0.0959547  7.72893e-005  4.88504e-006
0.0969142  5.64858e-005  4.53387e-006
0.0978834  4.76953e-005  4.16508e-006
0.0988622  5.88348e-005  4.27643e-006
0.0998508  6.48796e-005  4.20775e-006
0.100849  6.28582e-005  4.03470e-006
0.101858  4.47171e-005  3.24721e-006
0.102876  4.03740e-005  2.88885e-006
0.103905  5.14897e-005  3.19467e-006
0.104944  5.35973e-005  3.27317e-006
0.105994  4.52867e-005  2.94382e-006
0.107054  4.09899e-005  2.78586e-006
0.108124  3.89382e-005  2.65950e-006
0.109205  4.50738e-005  2.85791e-006
0.110297  4.60581e-005  2.99755e-006
0.111400  3.75724e-005  2.73234e-006
0.112514  3.48787e-005  2.73813e-006
0.113640  3.25430e-005  2.75431e-006
0.114776  3.53942e-005  3.04983e-006
0.115924  4.39496e-005  3.71032e-006
0.117083  3.17644e-005  3.11403e-006
0.118254  2.71429e-005  2.55242e-006
0.119436  3.51949e-005  2.66951e-006
0.120631  3.38018e-005  2.29772e-006
0.121837  2.76843e-005  1.99876e-006
0.123055  2.47541e-005  1.94364e-006
0.124286  2.72585e-005  2.26720e-006
0.125529  3.07760e-005  2.86434e-006
0.126784  2.76326e-005  2.72626e-006
0.128052  2.75574e-005  2.27391e-006
0.129332  2.50036e-005  1.83227e-006
0.130626  2.48078e-005  1.80178e-006
0.131932  2.66661e-005  2.21521e-006
0.133251  2.57189e-005  2.50880e-006
0.134584  2.10161e-005  2.03183e-006
0.135930  2.37672e-005  1.76491e-006
0.137289  2.28594e-005  1.74215e-006
0.138662  1.80161e-005  1.94190e-006
0.140048  1.92866e-005  2.11669e-006
0.141449  1.71485e-005  1.54830e-006
0.142863  1.67488e-005  1.43106e-006
0.144292  1.72791e-005  1.94554e-006
0.145735  1.69174e-005  2.00432e-006
0.147192  1.66274e-005  1.49065e-006
0.148664  1.71027e-005  1.54594e-006
0.150151  1.86616e-005  2.11933e-006
0.151652  1.26504e-005  1.49963e-006
0.153169  1.31255e-005  1.26642e-006
0.154701  1.48463e-005  1.90985e-006
0.156248  1.46561e-005  1.88141e-006
0.157810  1.43918e-005  1.34402e-006
0.159388  1.41340e-005  1.85734e-006
0.160982  1.35302e-005  1.87224e-006
0.162592  1.41379e-005  1.36227e-006
0.164218  1.47340e-005  1.97722e-006
0.165860  1.34600e-005  1.84475e-006
0.167519  1.25573e-005  1.35258e-006
0.169194  1.12740e-005  1.78517e-006
0.170886  1.56259e-005  1.82379e-006
0.172595  1.53380e-005  1.81382e-006
0.174321  9.92309e-006  1.74326e-006
0.176064  1.13755e-005  1.35011e-006
0.177824  1.25446e-005  1.99229e-006
0.179603  1.08790e-005  1.67270e-006
0.181399  1.07734e-005  1.56341e-006
0.183213  1.12529e-005  1.94532e-006
0.185045  1.11770e-005  1.38234e-006
0.186895  1.10891e-005  1.95535e-006
0.188764  1.42045e-005  1.75034e-006
0.190652  1.54966e-005  2.33973e-006
0.192558  1.20368e-005  1.90797e-006
0.194484  1.15704e-005  1.87052e-006
0.196429  1.01103e-005  1.94929e-006

