  0.23187E+004,
  0.29921E+004,
  0.35886E+004,
  0.38403E+004,
  0.35579E+004,
  0.30601E+004,
  0.26129E+004,
  0.22869E+004,
  0.20475E+004,
  0.18514E+004,
  0.17020E+004,
  0.15729E+004,
  0.14698E+004,
  0.13835E+004,
  0.13173E+004,
  0.12663E+004,
  0.12210E+004,
  0.11832E+004,
  0.11545E+004,
  0.11263E+004,
  0.11093E+004,
  0.10991E+004,
  0.10874E+004,
  0.10832E+004,
  0.10775E+004,
  0.10808E+004,
  0.10824E+004,
  0.10848E+004,
  0.10927E+004,
  0.11005E+004,
  0.11136E+004,
  0.11250E+004,
  0.11383E+004,
  0.11514E+004,
  0.11662E+004,
  0.11845E+004,
  0.12024E+004,
  0.12213E+004,
  0.12405E+004,
  0.12598E+004,
  0.12823E+004,
  0.13039E+004,
  0.13248E+004,
  0.13459E+004,
  0.13696E+004,
  0.13925E+004,
  0.14122E+004,
  0.14327E+004,
  0.14535E+004,
  0.14713E+004,
  0.14887E+004,
  0.15052E+004,
  0.15210E+004,
  0.15367E+004,
  0.15508E+004,
  0.15641E+004,
  0.15750E+004,
  0.15829E+004,
  0.15906E+004,
  0.15976E+004,
  0.16017E+004,
  0.16078E+004,
  0.16093E+004,
  0.16116E+004,
  0.16067E+004,
  0.16027E+004,
  0.15984E+004,
  0.15890E+004,
  0.15856E+004,
  0.15780E+004,
  0.15682E+004,
  0.15595E+004,
  0.15452E+004,
  0.15328E+004,
  0.15166E+004,
  0.15019E+004,
  0.14847E+004,
  0.14653E+004,
  0.14493E+004,
  0.14288E+004,
  0.14069E+004,
  0.13876E+004,
  0.13666E+004,
  0.13429E+004,
  0.13221E+004,
  0.12975E+004,
  0.12743E+004,
  0.12475E+004,
  0.12218E+004,
  0.12004E+004,
  0.11747E+004,
  0.11506E+004,
  0.11252E+004,
  0.10980E+004,
  0.10726E+004,
  0.10464E+004,
  0.10214E+004,
  0.99667E+003,
  0.97067E+003,
  0.94606E+003,
  0.91875E+003,
  0.89568E+003,
  0.87443E+003,
  0.84865E+003,
  0.82690E+003,
  0.80601E+003,
  0.78357E+003,
  0.76328E+003,
  0.74068E+003,
  0.72428E+003,
  0.70346E+003,
  0.68532E+003,
  0.67050E+003,
  0.65128E+003,
  0.63532E+003,
  0.61693E+003,
  0.60211E+003,
  0.58615E+003,
  0.57215E+003,
  0.55740E+003,
  0.54418E+003,
  0.53121E+003,
  0.51732E+003,
  0.50578E+003,
  0.49596E+003,
  0.48480E+003,
  0.47359E+003,
  0.46072E+003,
  0.44998E+003,
  0.43823E+003,
  0.42817E+003,
  0.41885E+003,
  0.40996E+003,
  0.40089E+003,
  0.39188E+003,
  0.38394E+003,
  0.37596E+003,
  0.36727E+003,
  0.35932E+003,
  0.35056E+003,
  0.34238E+003,
  0.33493E+003,
  0.32736E+003,
  0.32071E+003,
  0.31355E+003,
  0.30733E+003,
  0.30129E+003,
  0.29472E+003,
  0.28951E+003,
  0.28345E+003,
  0.27789E+003,
  0.27196E+003,
  0.26629E+003,
  0.26082E+003,
  0.25577E+003,
  0.25124E+003,
  0.24544E+003,
  0.24036E+003,
  0.23664E+003,
  0.23266E+003,
  0.22815E+003,
  0.22477E+003,
  0.21900E+003,
  0.21496E+003,
  0.21152E+003,
  0.20673E+003,
  0.20280E+003,
  0.19948E+003,
  0.19525E+003,
  0.19098E+003,
  0.18794E+003,
  0.18444E+003,
  0.18093E+003,
  0.17783E+003,
  0.17543E+003,
  0.17249E+003,
  0.16934E+003,
  0.16633E+003,
  0.16290E+003,
  0.15932E+003,
  0.15588E+003,
  0.15393E+003,
  0.15166E+003,
  0.14922E+003,
  0.14689E+003,
  0.14439E+003,
  0.14234E+003,
  0.13984E+003,
  0.13790E+003,
  0.13587E+003,
  0.13388E+003,
  0.13211E+003,
  0.13057E+003,
  0.12826E+003,
  0.12575E+003,
  0.12335E+003,
  0.12151E+003,
  0.11992E+003,
  0.11812E+003,
  0.11685E+003,
  0.11539E+003,
  0.11311E+003,
  0.11094E+003,
  0.10946E+003,
  0.10783E+003,
  0.10646E+003,
  0.10529E+003,
  0.10364E+003,
  0.10203E+003,
  0.10081E+003,
  0.99179E+002,
  0.97864E+002,
  0.96840E+002,
  0.95803E+002,
  0.94596E+002,
  0.93404E+002,
  0.92036E+002,
  0.90880E+002,
  0.89115E+002,
  0.87543E+002,
  0.87053E+002,
  0.86950E+002,
  0.86264E+002,
  0.84469E+002,
  0.83407E+002,
  0.82813E+002,
  0.82025E+002,
  0.80771E+002,
  0.80298E+002,
  0.79362E+002,
  0.78625E+002,
  0.77803E+002,
  0.77224E+002,
  0.76284E+002,
  0.75711E+002,
  0.74545E+002,
  0.73418E+002,
  0.72662E+002,
  0.71908E+002,
  0.71370E+002,
  0.70948E+002,
  0.70494E+002,
  0.69843E+002,
  0.69478E+002,
  0.68812E+002,
  0.68320E+002,
  0.67943E+002,
  0.67623E+002,
  0.66805E+002,
  0.66254E+002,
  0.65574E+002,
  0.65043E+002,
  0.64619E+002,
  0.64203E+002,
  0.63836E+002,
  0.63112E+002,
  0.63081E+002,
  0.62584E+002,
  0.62129E+002,
  0.61596E+002,
  0.61064E+002,
  0.60756E+002,
  0.60025E+002,
  0.59758E+002,
  0.59581E+002,
  0.59312E+002,
  0.58959E+002,
  0.58681E+002,
  0.58147E+002,
  0.57879E+002,
  0.57253E+002,
  0.57472E+002,
  0.56916E+002,
  0.56579E+002,
  0.56151E+002,
  0.55860E+002,
  0.55797E+002,
  0.55545E+002,
  0.54912E+002,
  0.54478E+002,
  0.54035E+002,
  0.53532E+002,
  0.53323E+002,
  0.53422E+002,
  0.53366E+002,
  0.53075E+002,
  0.52995E+002,
  0.52628E+002,
  0.52400E+002,
  0.52196E+002,
  0.52176E+002,
  0.51876E+002,
  0.51627E+002,
  0.51167E+002,
  0.50894E+002,
  0.50581E+002,
  0.50457E+002,
  0.50297E+002,
  0.49820E+002,
  0.49461E+002,
  0.49532E+002,
  0.49122E+002,
  0.48839E+002,
  0.48859E+002,
  0.49057E+002,
  0.48754E+002,
  0.48364E+002,
  0.47816E+002,
  0.47618E+002,
  0.47631E+002,
  0.47745E+002,
  0.47695E+002,
  0.47487E+002,
  0.47255E+002,
  0.46828E+002,
  0.46896E+002,
  0.47167E+002,
  0.46860E+002,
  0.46512E+002,
  0.46180E+002,
  0.45923E+002,
  0.45798E+002,
  0.45944E+002,
  0.45924E+002,
  0.45538E+002,
  0.45772E+002,
  0.45488E+002,
  0.45333E+002,
  0.44967E+002,
  0.44771E+002,
  0.44712E+002,
  0.44440E+002,
  0.44256E+002,
  0.44049E+002,
  0.43884E+002,
  0.43645E+002,
  0.43603E+002,
  0.43692E+002,
  0.43539E+002,
  0.43545E+002,
  0.43392E+002,
  0.43309E+002,
  0.43100E+002,
  0.42991E+002,
  0.42706E+002,
  0.42384E+002,
  0.42238E+002,
  0.42012E+002,
  0.41938E+002,
  0.42014E+002,
  0.42067E+002,
  0.41854E+002,
  0.41877E+002,
  0.42078E+002,
  0.41610E+002,
  0.41729E+002,
  0.41762E+002,
  0.41667E+002,
  0.41553E+002,
  0.41688E+002,
  0.41575E+002,
  0.41260E+002,
  0.41332E+002,
  0.41352E+002,
  0.41025E+002,
  0.40963E+002,
  0.41078E+002,
  0.41263E+002,
  0.40972E+002,
  0.41045E+002,
  0.40833E+002,
  0.40846E+002,
  0.40782E+002,
  0.40443E+002,
  0.40132E+002,
  0.40246E+002,
  0.40332E+002,
  0.40038E+002,
  0.40012E+002,
  0.40201E+002,
  0.40190E+002,
  0.40174E+002,
  0.39955E+002,
  0.39645E+002,
  0.39596E+002,
  0.39502E+002,
  0.39446E+002,
  0.39378E+002,
  0.39495E+002,
  0.39281E+002,
  0.39164E+002,
  0.39243E+002,
  0.39365E+002,
  0.39231E+002,
  0.39352E+002,
  0.39104E+002,
  0.39022E+002,
  0.39021E+002,
  0.38941E+002,
  0.38825E+002,
  0.38537E+002,
  0.38419E+002,
  0.38355E+002,
  0.38234E+002,
  0.37939E+002,
  0.37588E+002,
  0.37839E+002,
  0.37887E+002,
  0.37510E+002,
  0.37538E+002,
  0.37319E+002,
  0.37225E+002,
  0.37206E+002,
  0.37493E+002,
  0.37792E+002,
  0.37846E+002,
  0.38132E+002,
  0.37398E+002,
  0.37207E+002,
  0.37484E+002,
  0.37677E+002,
  0.36940E+002,
  0.37028E+002,
  0.36932E+002,
  0.36763E+002,
  0.36595E+002,
  0.36753E+002,
  0.36791E+002,
  0.37010E+002,
  0.36952E+002,
  0.36839E+002,
  0.36451E+002,
  0.36652E+002,
  0.37175E+002,
  0.36947E+002,
  0.37203E+002,
  0.36606E+002,
  0.36978E+002,
  0.36959E+002,
  0.37066E+002,
  0.36902E+002,
  0.36792E+002,
  0.36314E+002,
  0.35776E+002,
  0.35944E+002,
  0.36811E+002,
  0.36699E+002,
  0.36356E+002,
  0.36383E+002,
  0.36298E+002,
  0.35718E+002,
  0.35600E+002,
  0.35300E+002,
  0.34979E+002,
  0.34405E+002,
  0.34533E+002,
  0.34303E+002,
  0.34466E+002,
  0.34846E+002,
  0.35349E+002,
  0.35140E+002,
  0.35150E+002,
  0.34727E+002,
  0.34473E+002,
  0.34634E+002,
  0.34076E+002,
  0.34384E+002,
  0.34362E+002,
  0.34044E+002,
  0.34382E+002,
  0.34200E+002,
  0.34253E+002,
  0.34399E+002,
  0.34132E+002,
  0.33921E+002,
  0.33601E+002,
  0.33584E+002,
  0.33794E+002,
  0.33333E+002,
  0.33680E+002,
  0.34220E+002,
  0.33594E+002,
  0.33751E+002,
  0.33786E+002,
  0.33491E+002,
  0.32972E+002,
  0.32582E+002,
  0.32744E+002,
  0.32486E+002,
  0.33134E+002,
  0.33546E+002,
  0.33698E+002,
  0.33638E+002,
  0.33451E+002,
  0.33064E+002,
  0.33332E+002,
  0.32717E+002,
  0.32813E+002,
  0.32137E+002,
  0.32072E+002,
  0.32109E+002,
  0.31555E+002,
  0.31341E+002,
  0.31573E+002,
  0.31747E+002,
  0.31643E+002,
  0.31241E+002,
  0.31309E+002,
  0.31555E+002,
  0.31149E+002,
  0.30743E+002,
  0.31220E+002,
  0.30115E+002,
  0.30163E+002,
  0.29980E+002,
  0.30602E+002,
  0.30207E+002,
  0.30407E+002,
  0.30233E+002,
  0.30539E+002,
  0.30557E+002,
  0.29337E+002,
  0.29290E+002,
  0.29489E+002,
  0.30057E+002,
  0.29758E+002,
  0.29968E+002,
  0.29206E+002,
  0.29270E+002,
  0.29209E+002,
  0.28946E+002,
  0.28456E+002,
  0.26167E+002,
  0.27425E+002,
  0.26288E+002,
  0.25653E+002,
  0.00000E+000,
