#y=A*x+B
#A=2.5
#B=4
1.00023  41.4917  11.6184
1.60022  17.6531  5.57363
2.56011  3.97001  1.39524
4.0958  0.694503  0.268883
6.55267  0.188554  0.0797344
10.4833  0.0343768  0.0157647
16.7717  0.00882268  0.00436106
26.8323  0.00667709  0.00353896
42.9276  0.000440803  0.000249375
68.6778  0.000149851  9.01265e-005
109.874  0.000195667  0.000124671
175.782  2.33609e-005  1.57189e-005
281.226  3.12786e-006  2.21635e-006
449.919  2.1988e-006  1.63657e-006
719.804  2.70445e-007  2.1095e-007
1151.58  3.65092e-008  2.97815e-008
1842.36  5.1479e-008  4.38313e-008
2947.49  2.14331e-009  1.90145e-009
4715.55  1.79789e-009  1.65921e-009
7544.18  2.15159e-010  2.06248e-010
12069.6  6.6004e-011  6.56275e-011
19309.5  5.72455e-012  5.89634e-012
30892.4  2.09746e-012  2.23531e-012
49423.2  2.36096e-011  2.60045e-011
79069.7  8.46604e-013  9.62718e-013
126500  5.97393e-013  7.00661e-013
202381  1.84138e-015  2.22546e-015
323779  4.77315e-015  5.9392e-015
517999  4.90442e-017  6.27769e-017
828721  2.86987e-015  3.77595e-015
1.32583e+006  4.92637e-017  6.65768e-017
2.12113e+006  4.26744e-017  5.91957e-017
3.39349e+006  1.69069e-017  2.40562e-017
5.42908e+006  1.16675e-018  1.7018e-018
8.68573e+006  5.21797e-019  7.79717e-019
1.38959e+007  2.08249e-021  3.18622e-021
2.22313e+007  7.82852e-020  1.22573e-019
3.55668e+007  4.15706e-020  6.65726e-020
5.69016e+007  4.35558e-021  7.13073e-021
9.10341e+007  2.58807e-022  4.32948e-022
1.45641e+008  5.50836e-022  9.41144e-022
2.33004e+008  7.57706e-024  1.32166e-023
3.72772e+008  2.89683e-023  5.15636e-023
5.96379e+008  4.03083e-025  7.31885e-025
9.54118e+008  2.89247e-024  5.35521e-024
1.52645e+009  2.79429e-025  5.27323e-025
2.44209e+009  2.35058e-027  4.51983e-027
3.90698e+009  2.3955e-026  4.69177e-026
6.25058e+009  3.36737e-028  6.71551e-028
1e+010  1.16507e-027  2.36509e-027
