#y=A*x+B
#A=2.5
#B=4
1.02329  41.5312  11.7014
1.63636  72.5694  23.0356
2.61671  66.7769  23.5794
4.18439  47.7552  18.5665
6.6913  53.108  22.5424
10.7001  39.6051  18.224
17.1106  41.6287  20.6404
27.3617  129.416  68.7848
43.7543  34.8584  19.7709
69.9678  48.5635  29.2768
111.886  260.596  166.4
178.918  127.181  85.7472
286.108  69.6402  49.4371
457.518  200.812  149.72
731.62  101.009  78.9137
1169.94  55.7827  45.5705
1870.86  322.845  275.26
2991.7  54.9063  48.7725
4784.05  188.87  174.509
7650.21  92.4701  88.7383
12233.5  116.178  115.635
19562.7  41.2164  42.4941
31282.8  61.8611  65.9859
50024.6  2860.41  3153.2
79994.7  419.281  477.157
127920  1212.28  1422.87
204558  15.2536  18.4476
327110  162.156  201.896
523084  6.80971  8.72153
836467  1636.64  2154.52
1.3376e+006  114.873  155.321
2.13897e+006  407.692  565.789
3.42044e+006  661.486  941.601
5.46965e+006  186.818  272.594
8.74655e+006  342.178  511.495
1.39867e+007  5.58424  8.54668
2.23662e+007  860.929  1348.37
3.57659e+007  1872.25  2999.08
5.71935e+007  803.026  1314.98
9.14586e+007  195.314  326.802
1.46252e+008  1702.85  2909.99
2.33873e+008  95.8633  167.24
3.73988e+008  1501.31  2672.71
5.98046e+008  85.5069  155.274
9.5634e+008  2513.31  4653.67
1.52929e+009  994.079  1876.11
2.4455e+009  34.2338  65.8303
3.91061e+009  1428.81  2798.53
6.25349e+009  82.2353  164.004
1e+010  1165.07  2365.09
