#y=A*x+B
#A=2.5
#B=4
1.02329  1.96571  0.0716661
1.17766  2.09244  0.0698773
1.35532  2.13701  0.0709184
1.55977  2.05039  0.0765187
1.79507  2.0211  0.0802692
2.06587  2.12373  0.0789045
2.37751  2.29415  0.0753704
2.73617  2.32124  0.0767909
3.14893  2.2526  0.0815009
3.62396  2.30722  0.0818858
4.17065  2.42244  0.0801951
4.79981  2.44176  0.0817474
5.52389  2.39926  0.0854207
6.35719  2.41693  0.0870053
7.3162  2.53099  0.0851939
8.41988  2.56141  0.0862668
9.69006  2.51245  0.0900729
11.1519  2.63269  0.0879871
12.8342  2.53201  0.0935944
14.7702  2.60726  0.0929412
16.9984  2.60562  0.0950486
19.5627  2.7855  0.0908276
22.5138  2.69294  0.095932
25.9101  2.66936  0.0987797
29.8188  2.70149  0.0995813
34.3171  2.81956  0.0973049
39.494  2.7396  0.102094
45.4518  2.8612  0.0996211
52.3084  2.91441  0.0996343
60.1994  2.82277  0.10476
69.2807  2.81966  0.10677
79.732  2.86883  0.106801
91.7599  2.97189  0.104894
105.602  2.93736  0.107945
121.533  3.10812  0.103732
139.867  2.89977  0.113026
160.966  2.94267  0.113193
185.249  3.04314  0.11121
213.194  3.07062  0.111954
245.356  3.37948  0.103302
282.369  3.09334  0.114584
324.965  3.38396  0.106321
373.988  3.35068  0.10897
430.405  3.26857  0.113341
495.334  3.27819  0.114637
570.057  3.40662  0.111883
656.053  3.34711  0.115467
755.021  3.376  0.116061
868.92  3.27231  0.12137
1000  3.54332  0.113594
