#y=A*x+B
#A=2.5
#B=4
0.01  8427.88  2359.95
0.247634  17570.1  5108.18
0.350064  13808.8  4162.59
0.428681  35917  11211.8
0.494964  21546.4  6956.75
0.553364  71602.4  23885.6
0.606164  260113  89557
0.654719  55283.5  19626.5
0.699914  90728.2  33181.9
0.742362  687151  258673
0.782512  143597  55594.5
0.820699  433513  172482
0.857187  2.31077e+006  944144
0.892184  2.26949e+006  951592
0.925859  1.0936e+006  470260
0.958351  4.51164e+006  1.9884e+006
0.989777  3.5665e+006  1.61006e+006
1.02024  2.67654e+006  1.23697e+006
1.04981  6.53602e+006  3.09067e+006
1.07858  2.82672e+007  1.36695e+007
1.10659  1.10254e+007  5.44979e+006
1.13392  4.96942e+006  2.50961e+006
1.1606  3.14881e+007  1.62392e+007
1.18668  4.35549e+007  2.29289e+007
1.2122  3.28514e+007  1.76462e+007
1.2372  9.55766e+008  5.23631e+008
1.2617  3.67489e+008  2.05272e+008
1.28573  5.51479e+007  3.13953e+007
1.30932  3.68583e+008  2.13781e+008
1.3325  1.72891e+009  1.02131e+009
1.35528  1.03916e+008  6.24987e+007
1.37768  2.74104e+009  1.67792e+009
1.39972  3.04235e+009  1.89497e+009
1.42142  6.98416e+008  4.42501e+008
1.4428  5.91064e+009  3.80817e+009
1.46386  2.77184e+009  1.81557e+009
1.48462  2.88442e+009  1.92021e+009
1.5051  7.68711e+010  5.19982e+010
1.5253  1.16071e+010  7.97579e+009
1.54524  2.73042e+010  1.90545e+010
1.56493  7.77242e+009  5.50734e+009
1.58437  1.20895e+011  8.69584e+010
1.60357  1.15427e+010  8.42619e+009
1.62255  1.93713e+011  1.43487e+011
1.64131  1.18549e+011  8.90814e+010
1.65985  1.06095e+009  8.08596e+008
1.67819  1.66577e+012  1.2874e+012
1.69634  1.29386e+011  1.01384e+011
1.71429  1.09804e+011  8.72155e+010
1.73205  7.0931e+011  5.70995e+011
