#y=A*x+B
#A=2.5
#B=4
0.01  2.05209  0.0686494
0.213878  2.09735  0.0756738
0.417755  2.32715  0.0758669
0.621633  2.39909  0.0810278
0.82551  2.31071  0.091847
1.02939  2.54102  0.090543
1.23327  2.60616  0.095125
1.43714  2.81756  0.0943191
1.64102  2.78417  0.101858
1.8449  2.82038  0.106875
2.04878  2.85895  0.111673
2.25265  3.04941  0.110548
2.45653  3.08913  0.114902
2.66041  3.32147  0.112235
2.86429  3.45165  0.113171
3.06816  3.43597  0.118879
3.27204  3.6486  0.11684
3.47592  3.35992  0.132189
3.6798  3.65207  0.126499
3.88367  3.47885  0.137925
4.08755  3.78324  0.131544
4.29143  3.73346  0.138076
4.49531  4.01271  0.132912
4.69918  4.11072  0.134083
4.90306  3.91333  0.145405
5.10694  3.97202  0.147748
5.31082  4.35213  0.138943
5.51469  4.26773  0.145871
5.71857  4.40511  0.145371
5.92245  4.11027  0.160139
6.12633  4.30965  0.15687
6.3302  4.65403  0.149095
6.53408  4.6852  0.151911
6.73796  4.54426  0.160548
6.94184  4.69734  0.159114
7.14571  4.60448  0.166197
7.34959  4.78917  0.163512
7.55347  4.46518  0.179372
7.75735  4.68253  0.174856
7.96122  4.67472  0.178964
8.1651  4.91982  0.173674
8.36898  4.88088  0.178715
8.57286  4.97327  0.178982
8.77673  4.9188  0.184591
8.98061  5.24122  0.176639
9.18449  5.21444  0.180967
9.38837  5.09938  0.188549
9.59224  5.2656  0.185985
9.79612  5.19364  0.191997
10  5.54518  0.183042
