#y=A*x+B
#A=2.5
#B=4
0  3.36585  0.6
0.204082  3.81589  0.676531
0.408163  5.55447  0.753061
0.612245  5.56557  0.829592
0.816327  5.61916  0.906122
1.02041  6.51882  0.982653
1.22449  7.75599  1.05918
1.42857  7.10419  1.13571
1.63265  8.07074  1.21224
1.83673  8.58405  1.28878
2.04082  9.30284  1.36531
2.2449  9.38598  1.44184
2.44898  9.37361  1.51837
2.65306  9.87356  1.5949
2.85714  11.7657  1.67143
3.06122  7.62904  1.74796
3.26531  13.6205  1.82449
3.46939  12.5429  1.90102
3.67347  16.6936  1.97755
3.87755  14.0171  2.05408
4.08163  11.5002  2.13061
4.28571  13.8845  2.20714
4.4898  13.352  2.28367
4.69388  14.6584  2.3602
4.89796  14.1839  2.43673
5.10204  18.5208  2.51327
5.30612  18.7166  2.5898
5.5102  14.7181  2.66633
5.71429  15.999  2.74286
5.91837  18.6496  2.81939
6.12245  15.0761  2.89592
6.32653  18.0872  2.97245
6.53061  18.4008  3.04898
6.73469  16.3463  3.12551
6.93878  25.21  3.20204
7.14286  22.3041  3.27857
7.34694  28.208  3.3551
7.55102  26.8189  3.43163
7.7551  20.1973  3.50816
7.95918  19.4889  3.58469
8.16327  29.169  3.66122
8.36735  25.0636  3.73776
8.57143  23.6138  3.81429
8.77551  25.7015  3.89082
8.97959  26.885  3.96735
9.18367  30.9332  4.04388
9.38776  26.0401  4.12041
9.59184  21.9498  4.19694
9.79592  31.9634  4.27347
10  36.1086  4.35
