#y=A*x+B
#A=2.5
#B=4
1.00023  41.5109  11.6238
1.60022  45.2043  14.2724
2.56011  26.0202  9.14467
4.0958  11.6507  4.51067
6.55267  8.09603  3.4236
10.4833  3.77799  1.73254
16.7717  2.48174  1.22673
26.8323  4.80731  2.54794
42.9276  0.812303  0.459543
68.6778  0.706791  0.425094
109.874  2.36216  1.50507
175.782  0.721841  0.485706
281.226  0.247376  0.175287
449.919  0.445098  0.331286
719.804  0.140122  0.109297
1151.58  0.0484161  0.0394943
1842.36  0.174734  0.148775
2947.49  0.0186205  0.0165192
4715.55  0.0399786  0.036895
7544.18  0.0122457  0.0117385
12069.6  0.0096151  0.00956026
19309.5  0.00213444  0.00219849
30892.4  0.00200168  0.00213324
49423.2  0.05767  0.0635199
79069.7  0.00529299  0.00601893
126500  0.0095596  0.0112121
202381  7.54194e-005  9.11504e-005
323779  0.000500384  0.000622624
517999  1.31597e-005  1.68445e-005
828721  0.00197096  0.00259324
1.32583e+006  8.6597e-005  0.00011703
2.12113e+006  0.000192  0.000266333
3.39349e+006  0.000194696  0.000277026
5.42908e+006  3.439e-005  5.01604e-005
8.68573e+006  3.93654e-005  5.88233e-005
1.38959e+007  4.02119e-007  6.15244e-007
2.22313e+007  3.8691e-005  6.05793e-005
3.55668e+007  5.25868e-005  8.42142e-005
5.69016e+007  1.41025e-005  2.30878e-005
9.10341e+007  2.14478e-006  3.58793e-006
1.45641e+008  1.16839e-005  1.99629e-005
2.33004e+008  4.11365e-007  7.17539e-007
3.72772e+008  4.0254e-006  7.16521e-006
5.96379e+008  1.43364e-007  2.60308e-007
9.54118e+008  2.63313e-006  4.87506e-006
1.52645e+009  6.51081e-007  1.22868e-006
2.44209e+009  1.40184e-008  2.69553e-008
3.90698e+009  3.65661e-007  7.16173e-007
6.25058e+009  1.31562e-008  2.62373e-008
1e+010  1.16507e-007  2.36509e-007
