#y=A*x+B
#A=2.5
#B=4
1.00023  58.1656  16.2874
1.15166  56.8873  16.5389
1.326  72.4296  21.8336
1.52675  61.0688  19.0632
1.75788  73.1379  23.6143
2.02401  145.133  48.4144
2.33042  115.611  39.8049
2.68323  384.56  136.525
3.08944  109.674  40.1109
3.55715  234.5  88.2757
4.09567  304.581  117.921
4.71571  273.074  108.648
5.42962  352.094  143.86
6.25161  788.11  330.453
7.19804  1271.07  546.577
8.28775  979.526  431.703
9.54243  898.651  405.687
10.9871  376.455  173.98
12.6504  813.778  384.81
14.5655  377.177  182.396
16.7706  1494.7  738.823
19.3095  837.891  423.143
22.2328  877.018  452.299
25.5986  1788.48  941.522
29.474  603.126  323.97
33.936  2329.79  1276.41
39.0736  3544.96  1980.14
44.989  4565.85  2599.31
51.7999  7810.39  4530.09
59.6418  4932.51  2913.74
68.671  10246.2  6162.45
79.0671  5502.93  3368.61
91.0371  6461.32  4024.52
104.819  21313.3  13503.6
120.688  21875.4  14094.1
138.959  10247.3  6712.04
159.996  3394.26  2259.62
184.217  19502  13191.8
212.106  16716.6  11486.8
244.217  22690  15834.5
281.189  42400.5  30043.9
323.758  21011.4  15113.3
372.772  41713.3  30450.8
429.206  90701.5  67184.1
494.183  77690.1  58378.7
568.997  36074.4  27493.9
655.138  76081.1  58799.9
754.319  96831  75874
868.515  105524  83816.1
1000  91116.6  73348.9
