#y=A*x+B
#A=2.5
#B=4
0.1  717.064  202.033
0.462469  260.053  82.5482
0.64634  194.278  68.601
0.788437  255.195  99.216
0.908576  559.1  237.318
1.01459  632.789  291.174
1.11052  1405.13  696.693
1.19881  1514.26  804.831
1.28102  2748.36  1558.81
1.35827  1831.86  1104.35
1.43135  8502.23  5428.98
1.50088  8487.13  5722.14
1.56733  13688.6  9717.45
1.63108  17703.3  13199.1
1.69242  65417.9  51107.7
1.75162  129843  106072
1.80888  45440.5  38742.9
1.86438  63421.3  56336.2
1.91828  171642  158591
1.9707  806843  774281
2.02177  414930  412989
2.07158  243831  251390
2.12021  367819  392344
2.16776  5.00342e+006  5.51556e+006
2.21429  1.91923e+006  2.18415e+006
2.25985  1.96993e+007  2.31214e+007
2.30452  1.06512e+007  1.28815e+007
2.34834  7.98655e+006  9.94382e+006
2.39135  1.55501e+008  1.99158e+008
2.43361  6.31954e+007  8.31922e+007
2.47514  1.54331e+008  2.08672e+008
2.51599  2.18122e+008  3.02707e+008
2.55618  1.24528e+008  1.77262e+008
2.59576  2.7996e+008  4.08502e+008
2.63474  1.42804e+010  2.13466e+010
2.67315  2.79533e+009  4.27826e+009
2.71101  1.70947e+009  2.67733e+009
2.74836  7.34525e+009  1.1766e+010
2.7852  1.87034e+009  3.06275e+009
2.82156  1.57976e+011  2.64327e+011
2.85746  3.59831e+011  6.14913e+011
2.89292  5.07921e+011  8.86104e+011
2.92794  6.0265e+010  1.07287e+011
2.96256  3.42233e+012  6.2147e+012
2.99677  5.04978e+010  9.35021e+010
3.03059  4.34071e+009  8.19215e+009
3.06404  2.22691e+011  4.28226e+011
3.09713  2.43697e+011  4.77315e+011
3.12988  2.08515e+011  4.15845e+011
3.16228  1.47765e+014  2.99963e+014
