COR FILES: LMA70001.bt5,LMA70002.bt5,LMA70003.bt5,LMA70004.bt5,LMA70005.bt5,LMA70006.bt5
CREATED: Fri, 19 Jan 2024 at  16:40:38
LABEL: LMA70                                             
EMP FILES: LMA69001.bt5,LMA69002.bt5,LMA69003.bt5,LMA69004.bt5,LMA69005.bt5,LMA69006.bt5
Ds = 0.1 cm ; Twide = 0.63804 ; Trock = 0.35942
SAM PEAK ANGLE: 0.067093 ; EMP PEAK ANGLE: 0.072139
EMP LEVEL: 0.76 ; BKG LEVEL: 0.62
    4.06763e-05          604778            3178          -0.117          -0.117          -0.117
    4.62263e-05          534828         2986.18          -0.117          -0.117          -0.117
    5.17763e-05          470283         2800.44          -0.117          -0.117          -0.117
    5.73263e-05          420990         2645.28          -0.117          -0.117          -0.117
    6.28763e-05          374111         2491.89          -0.117          -0.117          -0.117
    6.84263e-05          327912         2338.27          -0.117          -0.117          -0.117
    7.39763e-05          288684         2192.36          -0.117          -0.117          -0.117
    7.95263e-05          252487         2050.16          -0.117          -0.117          -0.117
    8.50763e-05          224781         1935.28          -0.117          -0.117          -0.117
    9.06263e-05          201471         1829.42          -0.117          -0.117          -0.117
    9.61763e-05          175958         1708.71          -0.117          -0.117          -0.117
    0.000101726          155028         1606.58          -0.117          -0.117          -0.117
    0.000107276          140421         913.035          -0.117          -0.117          -0.117
    0.000118376          111534         813.157          -0.117          -0.117          -0.117
    0.000129476         88693.6         725.278          -0.117          -0.117          -0.117
    0.000140576         72285.3         655.424          -0.117          -0.117          -0.117
    0.000151676         60498.6         599.029          -0.117          -0.117          -0.117
    0.000162776           49717         543.434          -0.117          -0.117          -0.117
    0.000173876         42327.4          501.58          -0.117          -0.117          -0.117
    0.000184976         36002.5         462.094          -0.117          -0.117          -0.117
    0.000196076         31008.6         428.871          -0.117          -0.117          -0.117
    0.000207176         27438.6         403.472          -0.117          -0.117          -0.117
    0.000218276         23797.3         376.213          -0.117          -0.117          -0.117
    0.000229376         20549.9         349.357          -0.117          -0.117          -0.117
    0.000240476         18165.5         328.668          -0.117          -0.117          -0.117
    0.000251576         16104.8         309.605          -0.117          -0.117          -0.117
    0.000262676         14743.5         296.216          -0.117          -0.117          -0.117
    0.000273776         12703.2         224.365          -0.117          -0.117          -0.117
    0.000301526         9899.27         198.153          -0.117          -0.117          -0.117
    0.000329276         8066.05          178.87          -0.117          -0.117          -0.117
    0.000357026         6284.53         157.982          -0.117          -0.117          -0.117
    0.000384776         5522.26         148.085          -0.117          -0.117          -0.117
    0.000412526         4637.07         135.923          -0.117          -0.117          -0.117
    0.000440276         4039.77         126.826          -0.117          -0.117          -0.117
    0.000468026         3133.88         111.767          -0.117          -0.117          -0.117
    0.000495776         2993.66         109.313          -0.117          -0.117          -0.117
    0.000523526         2593.37         101.859          -0.117          -0.117          -0.117
    0.000551276         2282.93         82.6794          -0.117          -0.117          -0.117
    0.000606776         1800.85         73.5412          -0.117          -0.117          -0.117
    0.000662276         1415.97         65.2292          -0.117          -0.117          -0.117
    0.000717776         1203.88          60.251          -0.117          -0.117          -0.117
    0.000773276         986.168         54.6195          -0.117          -0.117          -0.117
    0.000828776         835.128         50.4092          -0.117          -0.117          -0.117
    0.000884276          734.79         47.3267          -0.117          -0.117          -0.117
    0.000939776         606.665          43.133          -0.117          -0.117          -0.117
    0.000995276         625.922         43.8193          -0.117          -0.117          -0.117
     0.00105078         490.051         39.0004          -0.117          -0.117          -0.117
     0.00110628         452.692         30.5419          -0.117          -0.117          -0.117
     0.00121728         397.874         28.7504          -0.117          -0.117          -0.117
     0.00132828         324.568         26.0583          -0.117          -0.117          -0.117
     0.00143928         230.234         22.3804          -0.117          -0.117          -0.117
     0.00155028         207.116         21.0727          -0.117          -0.117          -0.117
     0.00166128         190.812         20.3005          -0.117          -0.117          -0.117
     0.00177228          109.45         15.9122          -0.117          -0.117          -0.117
     0.00188328         137.157         17.5505          -0.117          -0.117          -0.117
     0.00199428         129.698         17.2208          -0.117          -0.117          -0.117
     0.00210528         105.983         15.8023          -0.117          -0.117          -0.117
